# stage 09   label FCT   z 3.000000   box 58.737151
# grid 512  MAS CIC
# mass fractions gas 0.08192983 conv 0.07761797 dm 0.84045221
# matter shot noise 3.08092773e-04
# k  Nmodes  P_gas  P_conv  P_dm  P_matter  P_baryon  P_gc
1.515163917773019453e-01 1.300000000000000000e+01 2.518666509082691221e+02 8.746611457753925833e+02 5.215929881636915297e+02 5.193571455246845971e+02 5.076594726368248303e+02 4.688173139544152264e+02
2.567220547362764616e-01 3.300000000000000000e+01 8.915409482338075975e+01 3.209979698570958817e+02 1.884076637942316665e+02 1.876340388665880994e+02 1.835856443340159387e+02 1.683340950295643097e+02
3.651505290679538662e-01 7.900000000000000000e+01 5.023420138864058515e+01 1.954253257919315558e+02 1.117170095130317407e+02 1.112332635839742352e+02 1.087027616577597087e+02 9.848183116608278453e+01
4.739182469684554144e-01 1.170000000000000000e+02 2.392904030986567321e+01 9.782080332430952296e+01 5.488253478107237981e+01 5.463766606972301076e+01 5.335714243676761726e+01 4.782678992271295471e+01
5.848257382506321100e-01 2.050000000000000000e+02 1.634935987787154232e+01 6.708879338089489863e+01 3.757500351818880091e+01 3.740500436820449437e+01 3.651611789228189053e+01 3.267780945161268846e+01
6.891527207999575966e-01 2.350000000000000000e+02 1.440930955922905099e+01 6.043996182080898905e+01 3.362363070204314397e+01 3.346828488896139220e+01 3.265617527051397673e+01 2.912565121989480943e+01
7.962110149942879245e-01 3.690000000000000000e+02 9.330853456931267331e+00 4.191558149042511872e+01 2.277703796965322880e+01 2.266786961347572316e+01 2.209738530687378599e+01 1.944765868634534201e+01
9.037253231392656794e-01 4.330000000000000000e+02 7.857928196089062567e+00 3.650572296764399738e+01 1.962825196833130903e+01 1.953158696367320246e+01 1.902656604349509450e+01 1.664147863297793606e+01
1.012197955081368894e+00 5.850000000000000000e+02 6.392717147150817958e+00 3.081265267310225653e+01 1.637884142155774825e+01 1.629510512252440080e+01 1.585779127962292279e+01 1.376932660379426743e+01
1.119602274143112197e+00 6.790000000000000000e+02 5.192385309158660256e+00 2.644470745143556556e+01 1.381452139321089412e+01 1.374187952638843235e+01 1.336264400113767792e+01 1.147792422842313442e+01
1.225226751773826672e+00 8.130000000000000000e+02 4.507818558578407853e+00 2.346031671946149189e+01 1.216919392056806259e+01 1.210383559491483219e+01 1.176272464672059037e+01 1.005070804765849957e+01
1.332693320252414937e+00 9.850000000000000000e+02 3.910892452166014444e+00 2.128527418765807866e+01 1.089478157755567089e+01 1.083415730212067984e+01 1.051788437929645426e+01 8.904537683304127427e+00
1.442085419831981463e+00 1.183000000000000000e+03 3.195358202620811827e+00 1.775361072164452381e+01 9.027398720055149539e+00 8.975766728862982546e+00 8.706541791004957176e+00 7.329745243150575185e+00
1.548739498396934922e+00 1.269000000000000000e+03 3.006447793045699424e+00 1.742583889285200627e+01 8.754633246030623539e+00 8.702700009857904817e+00 8.432021830334939239e+00 7.035267261943513262e+00
1.654964458706200459e+00 1.537000000000000000e+03 2.660773142014464909e+00 1.590155317231461929e+01 7.922188209044115581e+00 7.873687170571350258e+00 7.621022193511334031e+00 6.316553752901947760e+00
1.761684072977645732e+00 1.653000000000000000e+03 2.391106954140494789e+00 1.454574286095349933e+01 7.206640003854803744e+00 7.161515032319758944e+00 6.926531459270785618e+00 5.711108261212972437e+00
1.868623895441072547e+00 1.963000000000000000e+03 2.181324516699441496e+00 1.360142054933110423e+01 6.691992014742178974e+00 6.649184390845180204e+00 6.426350690140298916e+00 5.268045757564381759e+00
1.975824600884029669e+00 2.121000000000000000e+03 1.908879823597789960e+00 1.235293867326336148e+01 6.010720178377520817e+00 5.971287010046166799e+00 5.766121745887616612e+00 4.681800646561369739e+00
2.083297606274093550e+00 2.413000000000000000e+03 1.763603561928298147e+00 1.154777846339017344e+01 5.599659376030553304e+00 5.562583036736934439e+00 5.369767356847692241e+00 4.346578695871487596e+00
2.190806389353336936e+00 2.635000000000000000e+03 1.641840717106622272e+00 1.127158501514497857e+01 5.399186694384300544e+00 5.362210093690655377e+00 5.169989517369571352e+00 4.141823390025931140e+00
2.297525113723676959e+00 2.877000000000000000e+03 1.511851190701291703e+00 1.049497725298230577e+01 5.010099118121332573e+00 4.975057249195045550e+00 4.793008902361208357e+00 3.823784517516082282e+00
2.403844122767996527e+00 3.169000000000000000e+03 1.375915249774966931e+00 9.844816843986832211e+00 4.666260364771293467e+00 4.632635067124162731e+00 4.458034743908040554e+00 3.533061926611465786e+00
2.511414911497361846e+00 3.507000000000000000e+03 1.298395447614730580e+00 9.533425971817615974e+00 4.486252126798380147e+00 4.453252085211379274e+00 4.281991405658243544e+00 3.369132380273602401e+00
2.618215287650212719e+00 3.685000000000000000e+03 1.227361140515524918e+00 9.179729181461427245e+00 4.298871148113328822e+00 4.266462269836531540e+00 4.098354710856415117e+00 3.206621917042165482e+00
2.725119467431119435e+00 4.165000000000000000e+03 1.186927457183922785e+00 9.079891932423851841e+00 4.230024774400473753e+00 4.197582030885338433e+00 4.029345578361956726e+00 3.137134191160462215e+00
2.832944963321792464e+00 4.377000000000000000e+03 1.091482011496307081e+00 8.667652642997603962e+00 3.993022092474362239e+00 3.962112139552527612e+00 3.801874892153170205e+00 2.927506031203411130e+00
2.940550585514471127e+00 4.855000000000000000e+03 1.039565155670058472e+00 8.480957210141136571e+00 3.882731347300776292e+00 3.852478735195199455e+00 3.695687816470840659e+00 2.830812076737646787e+00
3.047075274303125525e+00 4.929000000000000000e+03 9.661587514323484172e-01 8.069863042094251426e+00 3.668489093760760156e+00 3.639558500522219298e+00 3.489684726330938958e+00 2.651976326511206405e+00
3.153632156805153741e+00 5.581000000000000000e+03 9.226596500624748565e-01 7.805573388362454956e+00 3.534922548764571903e+00 3.506987046027040034e+00 3.362306639024307042e+00 2.545181959976718034e+00
3.259958553874163112e+00 5.679000000000000000e+03 8.557933159376981402e-01 7.357899779542291796e+00 3.318498756827263918e+00 3.291907831945484642e+00 3.154269853133564450e+00 2.376151342841126279e+00
3.367357499753221628e+00 6.385000000000000000e+03 8.343460159187054970e-01 7.352402289094417398e+00 3.295900922092755092e+00 3.269299014553050942e+00 3.131629174518015368e+00 2.344760326048116461e+00
3.474696492921901747e+00 6.553000000000000000e+03 7.742131393219071622e-01 7.022841185110253903e+00 3.125575900524198314e+00 3.099873010366768433e+00 2.966927618426888902e+00 2.202961573411677421e+00
3.581956660963620198e+00 7.125000000000000000e+03 7.380309974888450419e-01 6.794433801400877826e+00 3.009649968498851802e+00 2.984779922189711332e+00 2.856183232454096110e+00 2.108600301608316574e+00
3.689163779191058534e+00 7.447000000000000000e+03 7.040913146024028180e-01 6.622190338543906485e+00 2.916388849824731899e+00 2.892405724169221148e+00 2.768437376745141343e+00 2.032482167985749211e+00
3.796064726937468770e+00 7.929000000000000000e+03 6.712365919898786171e-01 6.426481997100287558e+00 2.818097493921229102e+00 2.794672797004095433e+00 2.673661549326723286e+00 1.952836127083800610e+00
3.903185594229741096e+00 8.353000000000000000e+03 6.416189222987088714e-01 6.333927240077883880e+00 2.753624059865042106e+00 2.730804175245523435e+00 2.612934829226478239e+00 1.890767281552347745e+00
4.009628416058343525e+00 8.775000000000000000e+03 6.105282128040563361e-01 6.052538710330961358e+00 2.626844534406271858e+00 2.605142180944210573e+00 2.493112286579717729e+00 1.800645719174762016e+00
4.116492766962148053e+00 9.313000000000000000e+03 5.823853920194724809e-01 5.912436373576539062e+00 2.548667645278278826e+00 2.527604442819232577e+00 2.418951578004396641e+00 1.733433451590129293e+00
4.223658256356446650e+00 9.841000000000000000e+03 5.642559997446722209e-01 5.857039171048509019e+00 2.509523772365246597e+00 2.489010525797921591e+00 2.383207510420883413e+00 1.697702204543595883e+00
4.330295565235207533e+00 1.019100000000000000e+04 5.314551555585919074e-01 5.627387784426057138e+00 2.397822927589877917e+00 2.378142735038928812e+00 2.276731448721533990e+00 1.610688525968182905e+00
4.437284061691221027e+00 1.089700000000000000e+04 5.119622446374841873e-01 5.580848970408707643e+00 2.359341554938819918e+00 2.340196827755176567e+00 2.241585365178295319e+00 1.572677650790101245e+00
4.544410671757686870e+00 1.130100000000000000e+04 4.909050168409924142e-01 5.450597404364536658e+00 2.292106893080665397e+00 2.273606694068059042e+00 2.178371100999698662e+00 1.518968513128080344e+00
4.651950739451500283e+00 1.202500000000000000e+04 4.747870765399887505e-01 5.324948943663827094e+00 2.232203424482120280e+00 2.214381243296825286e+00 2.122701409927597815e+00 1.475572294669965201e+00
4.759389278045521365e+00 1.242300000000000000e+04 4.567423904487959430e-01 5.252896279977836258e+00 2.187207490050375736e+00 2.169810893804728469e+00 2.080386520617435675e+00 1.434534529402234471e+00
4.866368610315570109e+00 1.302100000000000000e+04 4.262794441444222593e-01 4.994650011222835140e+00 2.066857230628507569e+00 2.050473587492013916e+00 1.966354676713704563e+00 1.344709332833472493e+00
4.972791849647571816e+00 1.340500000000000000e+04 4.233491629724734362e-01 5.058526900237131585e+00 2.084017730646250399e+00 2.067583685979261787e+00 1.983257372387120743e+00 1.349828403903410745e+00
5.079323357706112319e+00 1.424700000000000000e+04 4.000795204496549462e-01 4.869882254338676830e+00 1.993918668303648500e+00 1.978456951024170296e+00 1.899209587170015645e+00 1.283249407427310862e+00
5.186466441086331258e+00 1.471300000000000000e+04 3.861744816922009771e-01 4.808340554691781676e+00 1.957162600530975904e+00 1.942101409823512537e+00 1.865013775831005249e+00 1.251297978045100789e+00
5.293547711166813663e+00 1.548900000000000000e+04 3.708288630132551833e-01 4.722709409510767564e+00 1.908907546347458295e+00 1.894589827843352170e+00 1.821385021420328210e+00 1.212637998408278239e+00
5.400616309572492391e+00 1.591300000000000000e+04 3.569202175622780970e-01 4.637325890208281010e+00 1.862733187866318918e+00 1.849098223699644938e+00 1.779470009789286822e+00 1.176532302366299687e+00
5.507906831765741806e+00 1.687900000000000000e+04 3.538877651519833356e-01 4.677932057987099768e+00 1.871531063112387150e+00 1.858035028886521722e+00 1.789176081370458915e+00 1.178324520152274957e+00
5.615131387668133911e+00 1.719300000000000000e+04 3.386633897540016758e-01 4.592791186996350916e+00 1.822933763958039854e+00 1.810170623513254640e+00 1.745174850656185050e+00 1.138622823194385791e+00
5.722402868387595376e+00 1.815700000000000000e+04 3.243299776536604506e-01 4.485102221997948391e+00 1.770457229203093563e+00 1.758209643217795826e+00 1.695939029214592830e+00 1.098654760046130940e+00
5.828849886830424154e+00 1.833900000000000000e+04 3.125048401897648764e-01 4.410615127292016879e+00 1.731030390449930234e+00 1.719310780202848443e+00 1.659818273269920264e+00 1.067884941575049096e+00
5.935729120148100613e+00 1.957300000000000000e+04 3.036734706428828034e-01 4.330672194199237879e+00 1.692644814045246804e+00 1.681613891157038188e+00 1.625761236271307197e+00 1.042249900164745613e+00
6.042873270617307391e+00 1.994100000000000000e+04 2.941854512398832111e-01 4.273265793999435402e+00 1.661030928991915179e+00 1.650510538831651886e+00 1.597360295586208512e+00 1.017606640817659391e+00
6.149288579584974990e+00 2.062900000000000000e+04 2.842737672767332024e-01 4.210268384449836532e+00 1.626046966669170146e+00 1.616106664135087412e+00 1.565990453156079987e+00 9.898932249823054752e-01
6.256290966960967204e+00 2.165500000000000000e+04 2.743235997047924202e-01 4.136117253329415711e+00 1.589051941680472479e+00 1.579521699062289786e+00 1.531620662715271752e+00 9.614791971666807324e-01
6.363345368387389733e+00 2.211300000000000000e+04 2.641740213928885916e-01 4.054671149662816276e+00 1.548413994708319974e+00 1.539521462813962405e+00 1.495013615275256225e+00 9.321481567760601106e-01
6.470613485461905512e+00 2.318500000000000000e+04 2.562068095400026335e-01 4.053354776732739140e+00 1.536445247574901973e+00 1.527919741610298088e+00 1.485317560934416914e+00 9.175703215505273125e-01
6.577676610618644837e+00 2.366700000000000000e+04 2.498280240790136941e-01 3.992793498733173685e+00 1.508369470052495664e+00 1.500250793364985569e+00 1.459812736868992822e+00 8.985769717642038135e-01
6.684253655545307815e+00 2.438500000000000000e+04 2.382426248479900532e-01 3.876608579260483189e+00 1.454755816603566787e+00 1.447281523701049899e+00 1.410213823088913632e+00 8.604562761479591648e-01
6.791722808518531274e+00 2.574900000000000000e+04 2.317191743752927691e-01 3.830758935196305615e+00 1.430849281255911043e+00 1.423756644856186249e+00 1.388748629692345249e+00 8.426557492112739522e-01
6.898654695560852979e+00 2.567500000000000000e+04 2.244464580748946059e-01 3.774546019077979153e+00 1.402326121882317977e+00 1.395688940939352918e+00 1.363073265409327384e+00 8.217331119410024032e-01
7.005645299680876015e+00 2.740900000000000000e+04 2.181058519567346810e-01 3.741618535785853794e+00 1.380840276041253034e+00 1.374794731999444686e+00 1.345303591727834869e+00 8.051114878394409757e-01
7.112728794843756752e+00 2.740500000000000000e+04 2.084134826488387160e-01 3.616649745670163174e+00 1.328518595062558649e+00 1.322975092543558828e+00 1.296147444279321714e+00 7.710386705273034602e-01
7.219282100968514193e+00 2.871700000000000000e+04 2.010315877155275655e-01 3.553344300058038030e+00 1.297750218853179982e+00 1.292636972654381378e+00 1.268102402753009450e+00 7.487904674464516130e-01
7.326582234147168471e+00 2.959500000000000000e+04 1.977340282317871234e-01 3.534781264654144994e+00 1.285229129733548303e+00 1.280549477732605190e+00 1.258330755888800612e+00 7.397663014792512648e-01
7.433725445245632280e+00 3.030100000000000000e+04 1.900409734046838439e-01 3.458069146270774663e+00 1.249935460774416862e+00 1.245705238344952059e+00 1.225879517556101250e+00 7.152140308895243992e-01
7.540365998292284822e+00 3.110100000000000000e+04 1.843691156062303993e-01 3.401210898257985171e+00 1.223475401830190767e+00 1.219597970620420746e+00 1.201685815392389722e+00 6.967176720967760417e-01
7.647007593854525886e+00 3.202300000000000000e+04 1.811783094788140258e-01 3.424056916315160404e+00 1.222843436061495925e+00 1.219504576691816666e+00 1.204454823281646769e+00 6.931219370689271075e-01
7.753890080254511652e+00 3.297700000000000000e+04 1.741848723300317703e-01 3.335760069777483849e+00 1.184725807349193083e+00 1.181784483191188118e+00 1.168890241196514079e+00 6.674567036401746201e-01
7.861522681891408126e+00 3.444900000000000000e+04 1.699785657789077142e-01 3.314805946248969182e+00 1.172350862327040000e+00 1.169690477926528027e+00 1.158303449926989970e+00 6.584133104962167637e-01
7.968796818197422915e+00 3.454900000000000000e+04 1.662002858398788085e-01 3.266708818571314676e+00 1.150530391510696582e+00 1.148312439744643809e+00 1.139285680275995860e+00 6.451269711423227582e-01
8.075783621906728271e+00 3.611100000000000000e+04 1.603069169241271019e-01 3.230781215291414377e+00 1.128160796759122064e+00 1.126495468568660119e+00 1.120431159883440886e+00 6.275191450140089611e-01
8.182821318976927216e+00 3.654100000000000000e+04 1.575902780218523813e-01 3.212673957739982544e+00 1.116670175287796329e+00 1.115430249009988550e+00 1.111663521258613452e+00 6.199819757643244555e-01
8.289505283403951097e+00 3.771700000000000000e+04 1.526681826011670740e-01 3.164642032216619327e+00 1.094649645341260413e+00 1.093689376466540075e+00 1.091436361095058816e+00 6.048478876535129389e-01
8.396214308014592120e+00 3.861900000000000000e+04 1.483707292372212494e-01 3.127080005589003786e+00 1.075036836427193832e+00 1.074474635797543431e+00 1.074378290969424832e+00 5.907674943661606060e-01
8.503147732907603285e+00 3.966100000000000000e+04 1.440402182855481661e-01 3.072331275840064713e+00 1.050733598308151606e+00 1.050612946682503823e+00 1.052878639433554309e+00 5.759560049505317858e-01
8.609813280741079211e+00 4.054500000000000000e+04 1.394708572714624673e-01 3.041580759010738877e+00 1.033233050469428482e+00 1.033473022080411141e+00 1.037683025919803770e+00 5.625202405628971780e-01
8.716670599437357225e+00 4.181500000000000000e+04 1.364665802887098656e-01 3.018962160951038420e+00 1.020056807555493661e+00 1.020711495062405216e+00 1.027150379125251423e+00 5.537392438909901626e-01
8.824272177189678601e+00 4.312500000000000000e+04 1.338572280874383846e-01 2.991610166075681754e+00 1.007499337397467221e+00 1.008365232095505881e+00 1.015971441762703487e+00 5.456984296128052359e-01
8.931467604431746921e+00 4.368100000000000000e+04 1.294164585579841431e-01 2.944478988180871948e+00 9.863341762281473413e-01 9.874543037905687548e-01 9.964534514966228995e-01 5.313030166111823993e-01
9.038159313328566924e+00 4.462900000000000000e+04 1.250746514866632186e-01 2.904490327468797428e+00 9.665813478000275794e-01 9.679594255676666759e-01 9.783780372064848629e-01 5.163593221864185567e-01
9.145103926913346726e+00 4.622700000000000000e+04 1.223505789686587381e-01 2.870231193208225839e+00 9.500040381195982153e-01 9.518453441765803991e-01 9.647465091586648889e-01 5.067421015766709891e-01
9.252371702874153669e+00 4.690900000000000000e+04 1.193031912265375416e-01 2.840405810128467934e+00 9.353161479084591834e-01 9.374123494008705926e-01 9.516959173705998865e-01 4.963580359800747743e-01
9.359375681178327966e+00 4.823700000000000000e+04 1.153544958714928514e-01 2.777069422506199370e+00 9.109749509982393301e-01 9.132265971983551944e-01 9.283699576340487258e-01 4.817575889895732155e-01
9.465793465750969915e+00 4.858300000000000000e+04 1.132930909745920867e-01 2.774967995426257161e+00 9.049039777496046266e-01 9.075839178289435427e-01 9.250365691794616430e-01 4.771693140308127523e-01
9.572910082305408963e+00 5.099700000000000000e+04 1.110856355226952918e-01 2.775190516789435957e+00 8.997869471708966893e-01 9.027696323418024082e-01 9.218631937194369241e-01 4.718775657282679448e-01
9.680434637454967017e+00 5.139700000000000000e+04 1.082348518212783578e-01 2.720308187400411803e+00 8.776756640933557341e-01 8.809782833760212428e-01 9.017836590284111775e-01 4.591906904958898417e-01
9.787339808765013416e+00 5.248900000000000000e+04 1.055313524060879360e-01 2.706940456768838654e+00 8.679871150491014209e-01 8.716085233096498852e-01 8.942225028861550129e-01 4.518162740612770012e-01
9.894164228327143817e+00 5.378700000000000000e+04 1.027212067539902685e-01 2.673707313005941888e+00 8.532239137916406424e-01 8.570793656395442328e-01 8.809630336323188704e-01 4.425031448009831281e-01
1.000115662573597497e+01 5.491300000000000000e+04 1.002515142802460069e-01 2.650145983135441696e+00 8.409026832422424880e-01 8.450692912521393652e-01 8.706467875570942372e-01 4.343196792848248999e-01
1.010804251017453659e+01 5.597700000000000000e+04 9.771276883118527878e-02 2.613785592817954750e+00 8.252354442689801006e-01 8.296559588390595152e-01 8.566872562227921817e-01 4.249435015902458534e-01
1.021495224810368363e+01 5.741500000000000000e+04 9.531088929428385703e-02 2.596217846124923678e+00 8.153070956782475509e-01 8.199445430852897454e-01 8.481780930498789006e-01 4.175019793737075879e-01
1.032171118851497127e+01 5.810500000000000000e+04 9.355889179186827054e-02 2.553442172829909484e+00 7.988982636925365810e-01 8.038178945712656231e-01 8.335883087043465256e-01 4.094879702063612958e-01
1.042861194886108933e+01 6.003300000000000000e+04 9.060753120057916943e-02 2.517235615890385247e+00 7.831002430108239265e-01 7.881901511251716563e-01 8.189728927287494020e-01 3.989439612289946702e-01
1.053588333541564914e+01 6.094900000000000000e+04 8.874286407062838278e-02 2.500737640458404076e+00 7.742745263369057440e-01 7.795868385315452009e-01 8.116130162977545082e-01 3.930124286658565613e-01
1.064285623592383878e+01 6.223500000000000000e+04 8.694367764489606409e-02 2.486140803597082449e+00 7.654361139944951820e-01 7.711029027478005782e-01 8.051128774731998172e-01 3.878665304852492723e-01
1.074963172908667275e+01 6.322900000000000000e+04 8.483579463985785329e-02 2.466006733595110578e+00 7.549463601022928794e-01 7.608076832761110353e-01 7.958968973931918045e-01 3.800708123270971073e-01
1.085684856030880852e+01 6.513300000000000000e+04 8.290794037154508578e-02 2.447192275720965871e+00 7.446628826854184702e-01 7.508384274870166797e-01 7.876619536608944205e-01 3.735185013845763735e-01
1.096385787079884366e+01 6.570700000000000000e+04 8.173825454911159971e-02 2.437209558698699041e+00 7.388672931169258939e-01 7.452628958248787017e-01 7.833234600409378912e-01 3.701811767442870771e-01
1.107082191737946708e+01 6.756100000000000000e+04 7.971595987763259450e-02 2.417868484356310077e+00 7.288183479516786578e-01 7.354386766348438575e-01 7.747462997674101626e-01 3.632432264711348835e-01
1.117791035998506288e+01 6.850500000000000000e+04 7.756067132163804723e-02 2.375552197959709844e+00 7.130831916734761133e-01 7.198020793760701030e-01 7.597513853190729360e-01 3.544136060134924215e-01
1.128479869776746725e+01 6.994300000000000000e+04 7.612926106420467298e-02 2.368646922019556289e+00 7.078183321055540045e-01 7.147532041681862180e-01 7.559038726293715316e-01 3.507393513927195561e-01
1.139174321454733096e+01 7.109700000000000000e+04 7.445145166279847071e-02 2.343898232415903227e+00 6.968602547024099758e-01 7.039904341449019221e-01 7.462624651715686896e-01 3.440510525229880656e-01
1.149880450752246830e+01 7.302100000000000000e+04 7.313332351294897504e-02 2.323481393727459210e+00 6.870946851431435354e-01 6.945298389890018909e-01 7.385148199121559509e-01 3.389112796011825024e-01
1.160566245799083163e+01 7.331700000000000000e+04 7.136543147230584028e-02 2.306107411163637710e+00 6.778323636891953052e-01 6.855016485112015445e-01 7.308260550141825185e-01 3.326853641947211671e-01
1.171250628324384913e+01 7.579900000000000000e+04 6.954597804603576683e-02 2.279638773585786815e+00 6.671488128202122114e-01 6.749170048981967263e-01 7.208141334611100071e-01 3.261449686702562190e-01
1.181934119405252126e+01 7.602100000000000000e+04 6.853639304399244958e-02 2.268572551411753402e+00 6.616311680900774927e-01 6.694816077684339062e-01 7.158872829437846752e-01 3.220588110499396084e-01
1.192631111688620749e+01 7.875300000000000000e+04 6.686048400412097914e-02 2.253475912434527384e+00 6.534287813565332614e-01 6.615091798863789174e-01 7.092163483063467222e-01 3.167427556357497176e-01
1.203348273281565639e+01 7.929100000000000000e+04 6.519953965696553833e-02 2.232236720501942884e+00 6.437273500263369641e-01 6.519488474078487528e-01 7.005181373177861159e-01 3.102709254664877125e-01
1.214055985810916383e+01 8.112900000000000000e+04 6.407814675193715392e-02 2.197765012437547405e+00 6.318355298345816884e-01 6.401812986148500695e-01 6.894841968313127900e-01 3.051075195581911537e-01
1.224764581670525487e+01 8.244100000000000000e+04 6.312912414554380791e-02 2.207625594797286706e+00 6.305359796562490793e-01 6.392512494147143398e-01 6.906333708524401427e-01 3.032376004100885702e-01
1.235475955146996618e+01 8.394900000000000000e+04 6.164731929163119045e-02 2.171052790058828563e+00 6.175584057248469927e-01 6.263328303165078825e-01 6.780829115462124745e-01 2.962244109557557459e-01
1.246170868629520356e+01 8.512300000000000000e+04 6.042120268139624523e-02 2.151199624013772294e+00 6.090941746756719510e-01 6.180172171018819549e-01 6.706624646826082614e-01 2.914239478552449469e-01
1.256871984773144391e+01 8.692900000000000000e+04 5.903653505470435325e-02 2.137567910133565174e+00 6.011381656703802534e-01 6.103391582318412611e-01 6.645565624817100225e-01 2.863911595930229148e-01
1.267556509008165300e+01 8.778900000000000000e+04 5.751719816755514886e-02 2.113672766596398578e+00 5.918998213587532975e-01 6.011282716847965446e-01 6.555811696249542742e-01 2.805479074292296926e-01
1.278215054488526725e+01 8.962300000000000000e+04 5.668846108072856521e-02 2.097582060478584864e+00 5.856328182759076295e-01 5.949567279281734455e-01 6.499935765709408120e-01 2.774238819510930210e-01
1.288921628097667060e+01 9.134100000000000000e+04 5.565349807545357658e-02 2.097202839960987220e+00 5.821767761003276975e-01 5.917420765658094606e-01 6.481691873106159019e-01 2.744982964438580364e-01
1.299627419393003436e+01 9.284500000000000000e+04 5.443628473749641261e-02 2.070539487910156851e+00 5.723588035785661665e-01 5.819739143679120152e-01 6.387486021509098943e-01 2.689158195621281777e-01
1.310322818283827040e+01 9.408700000000000000e+04 5.345246211027768202e-02 2.065019296994257125e+00 5.676060162872024195e-01 5.774597766340212601e-01 6.356280627350715529e-01 2.658042538144719802e-01
1.321036975158216542e+01 9.633300000000000000e+04 5.285621853205178799e-02 2.057590755254246950e+00 5.635307720837327006e-01 5.735829298867105575e-01 6.329195609607313200e-01 2.642167675818579697e-01
1.331751535780655615e+01 9.724900000000000000e+04 5.153561188978727364e-02 2.028268416553228981e+00 5.527365432551230029e-01 5.628091611586494292e-01 6.223279468830802408e-01 2.576046148561320082e-01
1.342474867294321506e+01 9.950100000000000000e+04 5.061383822561048990e-02 2.027596221620537875e+00 5.494917660084428501e-01 5.598166356470631877e-01 6.207945440060849140e-01 2.553404656159619646e-01
1.353129389874869304e+01 9.928300000000000000e+04 4.978294862992900527e-02 1.999613844039312749e+00 5.403412454452513058e-01 5.506722850629859334e-01 6.117567112096329307e-01 2.509449637693199620e-01
1.363786108536308284e+01 1.025370000000000000e+05 4.869044085442675307e-02 1.982213097500059140e+00 5.333318289503532483e-01 5.437216158148178158e-01 6.051608883128228866e-01 2.465627599329869302e-01
1.374490230845374406e+01 1.034770000000000000e+05 4.776646111353648888e-02 1.974899348004589328e+00 5.289234276588673511e-01 5.394657197950578631e-01 6.018364542476424273e-01 2.438611071204416503e-01
1.385193069726773629e+01 1.057510000000000000e+05 4.677239208783517954e-02 1.952593577607620867e+00 5.205659771191218921e-01 5.311480332142625160e-01 5.937995422120585509e-01 2.388661042072556806e-01
1.395905797399066373e+01 1.068690000000000000e+05 4.618183418998330486e-02 1.950337625063282010e+00 5.171538761495738656e-01 5.279916259088689445e-01 5.921325297245126906e-01 2.369099373146413001e-01
1.406597435666659734e+01 1.086970000000000000e+05 4.524686873421331773e-02 1.928972255731449259e+00 5.097445189704226109e-01 5.205979307787889088e-01 5.848942461211664723e-01 2.330367109994157804e-01
1.417313725496801702e+01 1.105770000000000000e+05 4.441361669068463053e-02 1.907900223456949540e+00 5.018948867745691711e-01 5.128196567384371019e-01 5.776261008228260607e-01 2.289110876833064523e-01
1.428050071703563439e+01 1.125550000000000000e+05 4.389971041214923292e-02 1.914770494384113508e+00 5.017745093356842379e-01 5.128787925582601881e-01 5.787770966369338854e-01 2.282316393868473736e-01
1.438720546714719184e+01 1.125930000000000000e+05 4.297270488134381089e-02 1.894561307475520540e+00 4.937040351466812638e-01 5.049441686788933570e-01 5.716576696422532855e-01 2.240444335969785650e-01
1.449386407502666252e+01 1.155730000000000000e+05 4.239363035339517582e-02 1.883541333460167166e+00 4.893355358050427428e-01 5.006291153732974619e-01 5.677072644222664888e-01 2.216634728346524585e-01
1.460097753724270397e+01 1.172830000000000000e+05 4.139583718087499337e-02 1.867860490997536038e+00 4.820591169948851284e-01 4.935125221598581358e-01 5.615752877756250427e-01 2.173449600944369342e-01
1.470799705009661729e+01 1.185810000000000000e+05 4.076591955388422089e-02 1.859752007501212168e+00 4.787020211557654892e-01 4.901467751602073819e-01 5.582547849336303436e-01 2.148724265856658544e-01
1.481488045703888012e+01 1.206250000000000000e+05 3.997613231555039587e-02 1.843468736193419666e+00 4.722293089796675281e-01 4.837776704214623580e-01 5.525113271962149852e-01 2.115071020422237547e-01
1.492180145886275788e+01 1.219350000000000000e+05 3.937889707968635772e-02 1.836770500419129926e+00 4.681470363600949147e-01 4.798506512973019222e-01 5.495428831571845807e-01 2.090539368946845167e-01
1.502882533720598346e+01 1.244410000000000000e+05 3.890980199472065387e-02 1.831439846530909854e+00 4.652466434518188199e-01 4.770486674292280238e-01 5.473612181749374361e-01 2.074600513093791676e-01
1.513579153088184448e+01 1.255170000000000000e+05 3.818791588546379540e-02 1.820661657583978910e+00 4.602046316002216808e-01 4.721427629989658481e-01 5.432861138852345118e-01 2.047903549023383230e-01
1.524262592334979516e+01 1.273570000000000000e+05 3.751155131347211347e-02 1.803795126078799438e+00 4.541269281993806084e-01 4.661030800219771453e-01 5.375114560761281579e-01 2.015790013540869341e-01
1.534966597072623884e+01 1.298950000000000000e+05 3.677059385295651517e-02 1.785832783814138125e+00 4.479520706712872835e-01 4.599271858950699232e-01 5.314190455217840947e-01 1.982848387779140298e-01
1.545671373361776446e+01 1.307010000000000000e+05 3.619546461586352348e-02 1.782858377910917058e+00 4.444635643778949152e-01 4.566541816530644282e-01 5.294401268818074158e-01 1.960365796989849696e-01
1.556381933349416613e+01 1.339210000000000000e+05 3.550421508476422211e-02 1.763924278322066330e+00 4.380637639451989696e-01 4.502620711202243164e-01 5.231910630349726476e-01 1.928629541608660736e-01
1.567088395959713942e+01 1.341870000000000000e+05 3.511674619556096749e-02 1.763178854770417914e+00 4.359763440515851962e-01 4.483381807930934548e-01 5.222886831110563621e-01 1.916144705156529460e-01
1.577780708436944046e+01 1.371250000000000000e+05 3.458711359285888964e-02 1.754792824460450262e+00 4.322581284768826082e-01 4.446992691127472641e-01 5.191783547531956255e-01 1.896411359592988233e-01
1.588487693832633241e+01 1.384570000000000000e+05 3.407323851335660597e-02 1.748881499681444573e+00 4.287117261310179339e-01 4.412890133310461982e-01 5.166225734978898698e-01 1.875971599934067591e-01
1.599203499221735036e+01 1.409370000000000000e+05 3.354544967261276905e-02 1.731951676975276300e+00 4.231706140907008362e-01 4.357374870082965646e-01 5.111074356949670827e-01 1.848567905852379067e-01
1.609879710692920085e+01 1.413670000000000000e+05 3.311224142517819879e-02 1.723068368083078061e+00 4.191425880228961121e-01 4.318380809756213190e-01 5.080266190329213449e-01 1.831271872732899708e-01
1.620551867374789268e+01 1.443810000000000000e+05 3.241799959215924121e-02 1.705616995706048078e+00 4.126654721662687542e-01 4.253913113588199124e-01 5.018822255005677135e-01 1.794622885455544048e-01
1.631235605966610436e+01 1.455490000000000000e+05 3.206081661503008828e-02 1.707453252518166487e+00 4.117490678700003182e-01 4.245876868000315607e-01 5.017611159649810748e-01 1.785385955440099981e-01
1.641950747611966221e+01 1.491390000000000000e+05 3.138546839311959213e-02 1.690741609858541494e+00 4.059866867983037975e-01 4.188209852890498741e-01 4.960331867274130335e-01 1.753468638041249528e-01
1.652677295816955549e+01 1.496410000000000000e+05 3.093616959312959006e-02 1.677611779659661684e+00 4.017531165280898153e-01 4.145571230323961687e-01 4.916712062410037998e-01 1.730730668507883541e-01
1.663356250025421801e+01 1.518250000000000000e+05 3.057659062977527431e-02 1.679638374962866942e+00 4.004816602680130733e-01 4.134494985841491999e-01 4.915887558084968134e-01 1.721378549843576022e-01
1.674038170334767628e+01 1.534530000000000000e+05 3.000841036726382277e-02 1.657878474918548228e+00 3.935787943334879135e-01 4.065298926030732618e-01 4.846700741783100952e-01 1.688976038459296669e-01
1.684720739243814336e+01 1.558870000000000000e+05 2.970854778048204539e-02 1.655252728074013913e+00 3.914401587721100806e-01 4.045082119093681983e-01 4.833850362524947930e-01 1.677276887201839262e-01
1.695427184583386548e+01 1.581210000000000000e+05 2.923786454136659621e-02 1.641689448638061544e+00 3.866634311318608574e-01 3.997539855932294994e-01 4.788865281696801923e-01 1.653972412945986514e-01
1.706136897967529720e+01 1.598410000000000000e+05 2.893966135368529480e-02 1.636929396383200563e+00 3.841570503254312374e-01 3.973140510177772255e-01 4.769422350406313238e-01 1.639179683795638498e-01
1.716809214304061371e+01 1.611750000000000000e+05 2.856152393758240940e-02 1.634514025198287923e+00 3.816563051280129071e-01 3.949922297930746340e-01 4.757361631595968809e-01 1.628477603908886073e-01
1.727516789262027430e+01 1.646770000000000000e+05 2.802830405256938676e-02 1.622972359554225363e+00 3.774402984324382038e-01 3.907684030060633584e-01 4.715361031155740901e-01 1.601900420735296038e-01
1.738239824792643518e+01 1.660570000000000000e+05 2.778161394659425451e-02 1.619299111053959406e+00 3.755889702694456544e-01 3.889788997320005604e-01 4.701861370430067133e-01 1.593582982331260556e-01
1.748933950850145180e+01 1.677030000000000000e+05 2.730441829437257537e-02 1.613895316315040462e+00 3.724143354579127485e-01 3.858959957879374292e-01 4.677412004715217342e-01 1.572764038036573164e-01
1.759634506328283621e+01 1.702690000000000000e+05 2.706310763498569541e-02 1.604924507697001568e+00 3.688464018795322708e-01 3.824160247920111999e-01 4.648846145886067482e-01 1.559357598301967518e-01
1.770340465606037483e+01 1.722570000000000000e+05 2.655144425022578150e-02 1.595256101445369223e+00 3.650693936197091927e-01 3.786638221724386022e-01 4.613492018592346144e-01 1.537095954015493260e-01
1.781031173980958826e+01 1.736530000000000000e+05 2.619735060458711420e-02 1.588650062553799369e+00 3.620302606505717558e-01 3.757067992294422232e-01 4.589453213473529414e-01 1.522143890630986429e-01
1.791716850305598285e+01 1.766190000000000000e+05 2.592977298502996408e-02 1.579661302569185244e+00 3.590417592838117122e-01 3.727259348915553661e-01 4.561055590535570414e-01 1.509297801235857384e-01
1.802403898799025583e+01 1.775650000000000000e+05 2.553095631204273588e-02 1.580092089653885923e+00 3.569554459688407677e-01 3.708122625175173659e-01 4.552977464101246041e-01 1.493194023817180360e-01
1.813101776169002122e+01 1.812850000000000000e+05 2.515590423019306229e-02 1.563859549382588199e+00 3.525062245777694780e-01 3.662703383153225745e-01 4.502851425196480739e-01 1.471739324858030995e-01
1.823814662712345225e+01 1.825470000000000000e+05 2.490151507638605974e-02 1.553500248632868175e+00 3.490023067488317587e-01 3.627867182573591975e-01 4.470334234628708936e-01 1.457070534501644921e-01
1.834518742197989383e+01 1.849930000000000000e+05 2.459439266325898904e-02 1.554407781359543606e+00 3.477580122816357200e-01 3.616720831338885445e-01 4.467600802556936368e-01 1.448921769033671980e-01
1.845211755479135007e+01 1.867770000000000000e+05 2.427407327870951398e-02 1.547476272873438585e+00 3.447240253554159639e-01 3.586908667185510491e-01 4.441666870156593117e-01 1.431540121442236579e-01
1.855908909866470680e+01 1.890730000000000000e+05 2.409018004262368506e-02 1.539064013868582048e+00 3.420331904464047890e-01 3.560177244936623686e-01 4.416899717262142144e-01 1.422787811311968798e-01
1.866603405389846415e+01 1.914910000000000000e+05 2.365463076947837279e-02 1.538927535284211112e+00 3.398947426969451402e-01 3.540341029081668922e-01 4.406862973588472898e-01 1.405644859437596983e-01
1.877314626423666510e+01 1.938450000000000000e+05 2.332819035714257458e-02 1.522244674955665511e+00 3.351914130871714304e-01 3.492516820764902663e-01 4.355664380924365586e-01 1.383920026138783788e-01
1.888009587618607910e+01 1.951810000000000000e+05 2.316324426792070942e-02 1.521094552257201027e+00 3.342069241948595892e-01 3.483203845593202952e-01 4.350153847363115167e-01 1.379209433646794991e-01
1.898671291042726494e+01 1.973190000000000000e+05 2.286374808591667279e-02 1.514380662321780813e+00 3.311680952023120517e-01 3.453504027639132112e-01 4.325515042987856384e-01 1.363279199829784682e-01
1.909357371342158416e+01 2.002330000000000000e+05 2.260949860670787362e-02 1.508339015699477592e+00 3.287322565516701545e-01 3.429472678554959519e-01 4.304229640894779441e-01 1.350637562782188439e-01
1.920066856009553646e+01 2.030370000000000000e+05 2.234388487052262756e-02 1.507787343454043416e+00 3.270311371908951048e-01 3.413810881929444929e-01 4.297464192637425739e-01 1.341111822850264701e-01
1.930787462485590211e+01 2.048710000000000000e+05 2.209491614748290700e-02 1.500947699133040159e+00 3.246960382624615171e-01 3.390439497604563757e-01 4.274441834977932286e-01 1.328745868634989002e-01
1.941469793592326099e+01 2.062210000000000000e+05 2.174895434526797830e-02 1.493378854136702794e+00 3.215442622147221541e-01 3.359415425830102886e-01 4.247543423461594969e-01 1.312588161789958185e-01
1.952153203553818983e+01 2.095290000000000000e+05 2.146027680719907182e-02 1.490203993327669174e+00 3.192399369786743657e-01 3.337352565876030019e-01 4.232815215524601271e-01 1.299672652595718625e-01
1.962884457170453345e+01 2.125450000000000000e+05 2.139372786573616458e-02 1.486423769140138296e+00 3.179608751313025561e-01 3.324574559331498480e-01 4.221272003157472419e-01 1.294826958973837872e-01
1.973587212790712897e+01 2.132070000000000000e+05 2.104911740415157592e-02 1.477687746003319980e+00 3.147157100515100558e-01 3.292458638555202377e-01 4.191426551253585875e-01 1.278292495445131904e-01
1.984278598054912734e+01 2.165770000000000000e+05 2.091698462768404668e-02 1.473079029184765965e+00 3.129632595720061583e-01 3.275123385946844268e-01 4.176405287725350468e-01 1.270756204239351927e-01
1.994977711362870210e+01 2.181930000000000000e+05 2.067054651074089547e-02 1.465841281581254707e+00 3.103542172698904311e-01 3.249134097317458725e-01 4.151883959395391011e-01 1.257262524577009433e-01
2.005693859450841998e+01 2.221510000000000000e+05 2.045367291910106522e-02 1.462298274116805574e+00 3.081658897364077387e-01 3.228213026214284409e-01 4.137838959807168537e-01 1.247079326342830780e-01
2.016385930389559533e+01 2.216410000000000000e+05 2.017465461796381226e-02 1.450960859964669503e+00 3.047836443057282962e-01 3.193837730054685520e-01 4.101246976993804805e-01 1.229018172310684526e-01
2.027055477535684247e+01 2.261730000000000000e+05 1.996682532869953688e-02 1.450227655461733045e+00 3.035892343745160704e-01 3.182538500477453680e-01 4.094643669540916076e-01 1.220371850964560995e-01
2.037743034556589450e+01 2.269810000000000000e+05 1.980999694506404771e-02 1.447729448546928310e+00 3.021549037272976967e-01 3.168752475461000806e-01 4.085218520463939629e-01 1.214169129010162218e-01
2.048450684456285487e+01 2.319030000000000000e+05 1.958228164402756044e-02 1.438518632952471732e+00 2.989955319723219818e-01 3.137296149931624312e-01 4.055700053672361971e-01 1.199921198496633062e-01
2.059151351667688701e+01 2.314930000000000000e+05 1.933009768546184448e-02 1.431704059328231082e+00 2.965298721049794972e-01 3.112702463941219300e-01 4.032269595062677459e-01 1.186636655193298862e-01
2.069838042282887969e+01 2.360410000000000000e+05 1.918007562876117983e-02 1.437367282006642766e+00 2.959083108297925202e-01 3.108758442917782805e-01 4.043358254383581651e-01 1.182796090211591794e-01
2.080539707174233754e+01 2.372310000000000000e+05 1.898614485933739632e-02 1.432556839097383738e+00 2.938699941800558268e-01 3.088572036460641157e-01 4.025195962617234557e-01 1.170254853295034231e-01
2.091249898788266393e+01 2.409250000000000000e+05 1.887565241077364397e-02 1.432066999059434576e+00 2.927511390978723149e-01 3.078353165885733822e-01 4.021959260916412315e-01 1.166680167566171572e-01
2.101962658632239922e+01 2.427690000000000000e+05 1.869757336744556561e-02 1.428597272496742177e+00 2.911545321377635442e-01 3.062697416658273220e-01 4.009157485423998635e-01 1.158433366719639895e-01
2.112636074798455965e+01 2.437570000000000000e+05 1.858728637254891333e-02 1.426045834703266069e+00 2.898912898469606647e-01 3.050520632750714500e-01 4.000308105237544987e-01 1.153389531213693392e-01
2.123315162618531815e+01 2.479830000000000000e+05 1.831066699506218518e-02 1.416907382621407141e+00 2.866474652853324701e-01 3.018086370296960141e-01 3.968829014597252680e-01 1.135132789032996109e-01
2.134024944506215249e+01 2.502730000000000000e+05 1.818400088280237165e-02 1.416552592613394390e+00 2.857329612081749848e-01 3.009563947301709397e-01 3.965473324597775240e-01 1.130765632660094416e-01
2.144724292060796955e+01 2.523730000000000000e+05 1.792717360301006660e-02 1.408861694208072723e+00 2.827602622449169045e-01 2.980050123160596920e-01 3.938577801001861833e-01 1.114721429114279294e-01
2.155419722633348556e+01 2.554470000000000000e+05 1.783544686389142153e-02 1.402340216651448701e+00 2.807674615718164235e-01 2.960094813616074849e-01 3.919389411614419561e-01 1.107692006614445224e-01
2.166118480077623687e+01 2.570890000000000000e+05 1.763348143864764545e-02 1.401365155724920708e+00 2.792936187381739876e-01 2.946350824703701798e-01 3.912676578502727875e-01 1.099941183249045079e-01
2.176823572936166329e+01 2.612370000000000000e+05 1.757679532707487335e-02 1.396852732280363441e+00 2.779786802254646250e-01 2.933055616863805004e-01 3.899558433692786319e-01 1.095359593820877248e-01
2.187519416603142020e+01 2.616670000000000000e+05 1.738413611539206191e-02 1.398996558592965567e+00 2.770858186462377692e-01 2.925354474092684565e-01 3.900050358353763791e-01 1.087205986753828207e-01
2.198226151601886258e+01 2.668890000000000000e+05 1.714600172057641550e-02 1.394864865704485757e+00 2.748608761288774405e-01 2.903698435628672136e-01 3.883288079612439159e-01 1.074484972430542612e-01
2.208935398084704360e+01 2.670490000000000000e+05 1.710276956036065055e-02 1.395498824442783725e+00 2.745362995490361890e-01 2.900858850699988278e-01 3.883909181295663871e-01 1.072953273426039827e-01
2.219620459416032787e+01 2.705770000000000000e+05 1.696323307004056133e-02 1.391040560605447673e+00 2.725273646705488884e-01 2.881255677449551245e-01 3.868395564687696075e-01 1.063757966680504152e-01
2.230304491199040484e+01 2.726430000000000000e+05 1.684638628136500213e-02 1.395234360555062336e+00 2.723373816498255717e-01 2.880611517238103048e-01 3.876164739759925260e-01 1.060058938216547064e-01
2.241003213563937280e+01 2.762050000000000000e+05 1.673682509295527227e-02 1.392561717379812380e+00 2.708249858588290260e-01 2.866146649451114525e-01 3.867075819545355841e-01 1.055105963046088918e-01
2.251703958431228969e+01 2.781690000000000000e+05 1.655203043292768905e-02 1.380154071851251940e+00 2.676357563490925906e-01 2.833301593148959685e-01 3.829612349462092058e-01 1.039872818138501825e-01
2.262393499808562680e+01 2.808190000000000000e+05 1.647462467029053163e-02 1.379968673810721524e+00 2.669252259093654600e-01 2.826833475384905592e-01 3.827767371667227247e-01 1.037466892029417082e-01
2.273084029337512035e+01 2.836290000000000000e+05 1.631040095127382281e-02 1.375949342885258719e+00 2.649145487747128769e-01 2.807225672001415484e-01 3.812579352790586573e-01 1.026974388764849977e-01
2.283802477850753831e+01 2.877370000000000000e+05 1.625897556447503459e-02 1.376271851410749480e+00 2.642897950385201256e-01 2.801595107394221351e-01 3.811727004513356665e-01 1.024012171248104980e-01
2.294511802372137765e+01 2.882290000000000000e+05 1.610850469571951937e-02 1.379014236530179405e+00 2.634764770505120812e-01 2.794901732684640927e-01 3.814889039951039340e-01 1.018144731240522571e-01
2.305187705853158420e+01 2.915190000000000000e+05 1.597201586319833139e-02 1.372732674121526664e+00 2.617393707373504852e-01 2.776911077101427150e-01 3.794475919907568939e-01 1.007763868997464396e-01
2.315881141211183447e+01 2.946970000000000000e+05 1.590006781433707730e-02 1.370273869801643229e+00 2.603912117795146308e-01 2.764086530517942397e-01 3.786341533811053428e-01 1.003509937160700222e-01
2.326578080070610710e+01 2.968170000000000000e+05 1.582382742108144960e-02 1.373396479097805933e+00 2.599461817338921121e-01 2.760865974806807066e-01 3.791941708903339148e-01 1.000329504776314438e-01
2.337279675037724402e+01 3.007390000000000000e+05 1.571019578254508400e-02 1.369588496792357502e+00 2.583665988604426644e-01 2.745237886933164506e-01 3.778380313946741453e-01 9.918244684258518962e-02
2.347977971278523412e+01 3.019210000000000000e+05 1.562108286642922318e-02 1.374113440288464494e+00 2.581233481507838601e-01 2.744281606650958438e-01 3.787291838226304885e-01 9.886968572334844940e-02
2.358659786932328828e+01 3.054570000000000000e+05 1.551180588924531631e-02 1.371113199415178174e+00 2.565009907112572041e-01 2.728648706661444545e-01 3.776609056197675618e-01 9.821041283286616186e-02
2.369366935531745710e+01 3.088390000000000000e+05 1.540765140807715157e-02 1.373546456657183779e+00 2.563452418646598452e-01 2.727690929069975234e-01 3.780226536238435742e-01 9.783680971311806140e-02
2.380068527426420388e+01 3.106410000000000000e+05 1.533654280521180163e-02 1.370500094246603240e+00 2.550488853373312770e-01 2.714978374216285295e-01 3.770187386118479811e-01 9.730805978811003787e-02
2.390766070349687666e+01 3.144850000000000000e+05 1.529463581803784493e-02 1.372909027586050268e+00 2.545510073423396524e-01 2.711122207099818660e-01 3.774442304317650043e-01 9.704070521416287287e-02
2.401469510913376837e+01 3.161130000000000000e+05 1.520043535922665535e-02 1.369392772855535956e+00 2.531874510560747082e-01 2.697545864157169793e-01 3.762001213624426299e-01 9.626598419927595573e-02
2.412166410449781750e+01 3.202750000000000000e+05 1.507604082983891002e-02 1.369334359137584167e+00 2.520208290709730625e-01 2.686709770079486193e-01 3.758240916346892724e-01 9.560669759160994596e-02
2.422858695491159509e+01 3.211090000000000000e+05 1.503339213992667400e-02 1.369693016813973374e+00 2.514691353891865266e-01 2.681778917773915971e-01 3.757387391867903492e-01 9.528848553607767446e-02
2.433549755307014806e+01 3.261210000000000000e+05 1.501319016476238694e-02 1.368490760967313147e+00 2.508118903832787239e-01 2.675393928570631852e-01 3.753505422610908249e-01 9.509167789092187739e-02
2.444256983223021251e+01 3.277270000000000000e+05 1.492365088234868034e-02 1.370580747952991008e+00 2.503434343229933856e-01 2.671539456412396762e-01 3.755862964882304422e-01 9.462079161714485875e-02
2.454966048626787156e+01 3.318210000000000000e+05 1.481328275017308217e-02 1.370844452269237790e+00 2.493004238675722573e-01 2.662031481085910256e-01 3.753010825137225170e-01 9.398328265601753329e-02
2.465651868329693386e+01 3.324970000000000000e+05 1.479921962920731013e-02 1.372572813497320299e+00 2.487570846194343266e-01 2.657463483364589374e-01 3.755123031270603540e-01 9.359475479228729355e-02
2.476341322929357247e+01 3.373530000000000000e+05 1.479948513276223114e-02 1.378650092411400241e+00 2.495003409615233758e-01 2.666184790671110583e-01 3.772520247912248825e-01 9.419788188023417441e-02
2.487044889655140167e+01 3.395590000000000000e+05 1.468537847688422375e-02 1.376363756788102410e+00 2.479263078035799095e-01 2.650925001892899813e-01 3.761834173447233254e-01 9.320233144059814068e-02
2.497755394188342848e+01 3.433090000000000000e+05 1.464262307054135445e-02 1.375940413034490550e+00 2.470860716226004061e-01 2.643087460465031735e-01 3.758794823451293565e-01 9.281711414229741608e-02
2.508451426274336171e+01 3.447570000000000000e+05 1.458993502333578302e-02 1.379277269042508358e+00 2.470510809436194111e-01 2.643694569355316548e-01 3.765968310074224723e-01 9.270004742885995519e-02
2.519138114610794688e+01 3.487030000000000000e+05 1.459121155464314715e-02 1.383879114291139301e+00 2.470744131599506010e-01 2.645015250969476317e-01 3.775630053908863859e-01 9.245330580446475821e-02
2.529840334964740833e+01 3.512610000000000000e+05 1.449787639425850413e-02 1.380097859968685503e+00 2.456523884760082599e-01 2.630904038039519888e-01 3.763228148412514629e-01 9.181149740330915576e-02
2.540527721097442537e+01 3.540610000000000000e+05 1.451070865111062959e-02 1.388979813564975574e+00 2.464429060631216639e-01 2.640670756228624128e-01 3.785655246558499720e-01 9.208617042710327827e-02
2.551200454590001243e+01 3.561150000000000000e+05 1.449441512978006524e-02 1.385561600640161428e+00 2.455621807412864399e-01 2.631593149434206524e-01 3.775888336337370754e-01 9.175911649496060196e-02
2.561897741630058434e+01 3.616690000000000000e+05 1.443294603488305509e-02 1.388631890929717061e+00 2.452651143608687023e-01 2.629661161629951449e-01 3.781497449434161329e-01 9.145984921652382249e-02
2.572606874958264456e+01 3.628930000000000000e+05 1.441570623813627321e-02 1.390157690059633522e+00 2.448325583758875490e-01 2.625974312251809772e-01 3.783352705043005471e-01 9.111752121602081922e-02
2.583308182314820201e+01 3.671010000000000000e+05 1.440012996307651894e-02 1.399149098795550161e+00 2.453565192654942606e-01 2.633331015484896009e-01 3.805116791137942989e-01 9.122263866811233801e-02
2.594011690822357608e+01 3.694390000000000000e+05 1.438253415083867379e-02 1.401436660565353876e+00 2.449873435969159019e-01 2.630472888958885203e-01 3.808841820042514481e-01 9.089389071865641712e-02
2.604719504548548770e+01 3.732570000000000000e+05 1.435466401845961887e-02 1.400892957736321609e+00 2.444701728850017797e-01 2.625512604800681604e-01 3.806193993036504075e-01 9.063619142279796814e-02
2.615431874932970757e+01 3.759490000000000000e+05 1.436171133198108942e-02 1.411767065825686451e+00 2.455622429792688466e-01 2.638656001968881504e-01 3.834144893944012589e-01 9.107582963252847108e-02
2.626124497453815110e+01 3.780430000000000000e+05 1.440881174419584264e-02 1.415045199190845482e+00 2.455499071210650863e-01 2.639478483149627075e-01 3.841722911339086610e-01 9.101487742539407511e-02
2.636804695875522953e+01 3.811170000000000000e+05 1.437581680132850662e-02 1.422505431646950758e+00 2.461859355489698087e-01 2.647106474582883173e-01 3.858937767157641918e-01 9.094397395893213942e-02
2.647511900021435238e+01 3.864490000000000000e+05 1.437780322133098629e-02 1.422888523637461988e+00 2.458780888253121744e-01 2.644367778960365345e-01 3.859388640505921342e-01 9.085169976919994783e-02
2.658210844405028439e+01 3.863970000000000000e+05 1.437133750627472319e-02 1.427627858218270873e+00 2.457462123409790145e-01 2.644408240450426550e-01 3.869336559340203485e-01 9.060119537419014657e-02
2.668888577304229415e+01 3.913150000000000000e+05 1.431452495531931879e-02 1.436713435043982967e+00 2.463596971515676359e-01 2.652498689832789025e-01 3.890589412975726802e-01 9.058114956758571423e-02
2.679588068537051271e+01 3.943050000000000000e+05 1.443380494212295750e-02 1.446954725038845258e+00 2.476798833241494191e-01 2.667542128816111635e-01 3.918358033972319521e-01 9.122482803452899858e-02
2.690296534456482291e+01 3.980770000000000000e+05 1.448144811646948082e-02 1.449893880053843676e+00 2.478832813321837081e-01 2.670144251841052863e-01 3.925579201740272972e-01 9.125273591184542010e-02
2.700991381018056003e+01 3.999190000000000000e+05 1.446945486359861067e-02 1.453076866666578315e+00 2.477210686210419843e-01 2.669418854068983937e-01 3.931763975809092204e-01 9.098918984004868149e-02
2.711673922973363915e+01 4.031130000000000000e+05 1.447783430888933791e-02 1.461548704547327437e+00 2.485124473050224214e-01 2.678945231861927234e-01 3.952770217306092460e-01 9.117609807222148977e-02
2.722376556647355628e+01 4.082290000000000000e+05 1.450844520178530550e-02 1.465499994317822852e+00 2.486054448244438830e-01 2.680970022163657873e-01 3.963022175277028936e-01 9.134016308055538380e-02
2.733094986305560781e+01 4.103130000000000000e+05 1.456549685649251476e-02 1.473787965978095915e+00 2.493369265720478678e-01 2.689839240417208899e-01 3.982888806483426691e-01 9.136038887338172876e-02
2.743782654314035696e+01 4.102750000000000000e+05 1.454303353830963159e-02 1.479244753816343794e+00 2.495375056241605494e-01 2.693244332820334264e-01 3.996053678472820114e-01 9.142234331771392775e-02
2.754469927789871875e+01 4.093020000000000000e+05 1.447410254130921704e-02 1.476542696669260524e+00 2.486944510533783959e-01 2.684581042966536213e-01 3.987122931108005863e-01 9.095119116964148209e-02
2.765171059954194277e+01 4.077820000000000000e+05 1.442936137073962469e-02 1.474438677407067466e+00 2.473564076185320038e-01 2.671654599008204123e-01 3.978705151929613493e-01 9.028666231432969091e-02
2.775865094767602059e+01 4.058980000000000000e+05 1.434814121808894276e-02 1.472216926502154744e+00 2.462793634853102098e-01 2.660981628236277485e-01 3.969720375660413803e-01 8.958367206222223045e-02
2.786563888885375562e+01 4.043220000000000000e+05 1.431693046052337492e-02 1.472968608471202590e+00 2.459277120731249988e-01 2.657975393202931524e-01 3.970745875020069704e-01 8.944933395922669006e-02
2.797258809051328043e+01 4.026280000000000000e+05 1.431407075265783702e-02 1.473796213557673207e+00 2.454679889264842207e-01 2.653952896287197216e-01 3.971936808479142877e-01 8.929717869430363331e-02
2.807947005922181205e+01 3.997920000000000000e+05 1.426469788765727387e-02 1.475775096368020289e+00 2.454803734301949647e-01 2.654667561642437557e-01 3.976371581237669872e-01 8.927347123468543089e-02
2.818645801939030093e+01 4.002640000000000000e+05 1.420406080089356600e-02 1.474325229945533611e+00 2.440996447493438692e-01 2.641507705186346699e-01 3.969119921538692419e-01 8.854086222900858782e-02
2.829347763495123047e+01 3.963360000000000000e+05 1.418552538167579605e-02 1.475036812620840632e+00 2.438523739207652807e-01 2.639356099973765857e-01 3.969930260210126072e-01 8.837576519780604434e-02
2.840056427118414106e+01 3.969640000000000000e+05 1.417250362188041818e-02 1.474747824229402093e+00 2.431725795468263895e-01 2.633054856976347891e-01 3.967879456383244796e-01 8.810906716582250775e-02
2.850750376403770758e+01 3.918340000000000000e+05 1.414549901988376192e-02 1.475573516401591956e+00 2.427339623271562441e-01 2.629071292314157926e-01 3.967946564489234773e-01 8.774563209478730696e-02
2.861428157655182147e+01 3.917040000000000000e+05 1.402513345357416820e-02 1.472860404586992411e+00 2.415144431496814570e-01 2.617028192115919971e-01 3.958086294293901575e-01 8.712082538448992497e-02
2.872138191204690116e+01 3.907360000000000000e+05 1.399222636078780758e-02 1.470036414294741522e+00 2.402379176490304080e-01 2.604591438343262788e-01 3.949152202593392835e-01 8.668775111867663141e-02
2.882855984668122318e+01 3.882660000000000000e+05 1.398082219955042865e-02 1.472865601019711645e+00 2.403158032117597709e-01 2.606052195269894511e-01 3.955541105614017727e-01 8.663234083206647340e-02
2.893536043369637412e+01 3.839200000000000000e+05 1.392443857251388084e-02 1.468043007253523102e+00 2.389556950091707987e-01 2.592033105053019315e-01 3.940263437976285199e-01 8.588872568556656095e-02
2.904229701935999586e+01 3.856120000000000000e+05 1.397713146524126072e-02 1.471838548294682747e+00 2.392840993995129228e-01 2.596237994811045890e-01 3.951039793244782161e-01 8.621986743475386350e-02
2.914938309022399920e+01 3.807900000000000000e+05 1.396199200046276470e-02 1.470335196771125341e+00 2.383705493983455381e-01 2.587393318891625382e-01 3.945425317413337463e-01 8.581625773307349769e-02
2.925636243541994830e+01 3.809500000000000000e+05 1.387893364744769570e-02 1.469534512743258636e+00 2.373414953301085928e-01 2.577635107501020650e-01 3.940492635412309874e-01 8.525210953173345541e-02
2.936333154490730024e+01 3.765360000000000000e+05 1.386908022254950551e-02 1.471874824923774749e+00 2.371511986942518857e-01 2.576613398821377965e-01 3.945926306178188514e-01 8.523626591872011937e-02
2.947018847214326343e+01 3.758500000000000000e+05 1.381711587847604845e-02 1.472797673002105290e+00 2.364474338917133545e-01 2.570293842873443424e-01 3.945697642918347681e-01 8.478078635466482216e-02
2.957730027014991947e+01 3.745800000000000000e+05 1.383004369974009939e-02 1.474960667694793282e+00 2.366146482219942671e-01 2.572217236319212508e-01 3.950574491957195566e-01 8.472546488128222808e-02
2.968421628701339898e+01 3.697240000000000000e+05 1.379614218820011777e-02 1.474999295162111590e+00 2.357776912402298475e-01 2.564585726793579545e-01 3.948704885615422211e-01 8.435086523102532097e-02
2.979095801801812371e+01 3.694540000000000000e+05 1.377059719411733406e-02 1.479039538191243564e+00 2.357186695841954061e-01 2.565176146856020800e-01 3.957894186840337225e-01 8.428974648399861769e-02
2.989799880528397580e+01 3.672900000000000000e+05 1.378281284104434200e-02 1.479810700167462967e+00 2.351838611790031119e-01 2.560533001147831667e-01 3.959050346940196641e-01 8.414941090259635270e-02
3.000504072386904397e+01 3.649120000000000000e+05 1.375825143868505962e-02 1.480903308234891469e+00 2.348492196146643174e-01 2.557631205536621266e-01 3.959944556322278486e-01 8.382379586302962649e-02
3.011200816723746243e+01 3.627360000000000000e+05 1.374756142380311429e-02 1.482166513474617364e+00 2.344126171417678928e-01 2.554036593903743491e-01 3.962860985330901586e-01 8.381478611209756957e-02
3.021897912669843933e+01 3.599260000000000000e+05 1.370223359725912006e-02 1.483867174291989999e+00 2.338000817794791131e-01 2.548659766170741081e-01 3.964166301020257133e-01 8.329438334281046019e-02
3.032601314320543295e+01 3.591180000000000000e+05 1.366827591587837891e-02 1.483001695786492657e+00 2.331969107829210131e-01 2.542803565352113049e-01 3.959912401267551285e-01 8.287086958666405045e-02
3.043296633829338660e+01 3.543400000000000000e+05 1.370515849320723054e-02 1.485061066064657487e+00 2.331190167092693222e-01 2.542710591793605479e-01 3.965431033866841370e-01 8.298044270849989912e-02
3.053990963663909142e+01 3.547300000000000000e+05 1.366032250634953080e-02 1.486999827721718237e+00 2.328085377671550715e-01 2.540136767619723401e-01 3.967679232354345276e-01 8.253571063722424384e-02
3.064683394785301473e+01 3.494820000000000000e+05 1.368424012129866758e-02 1.490357067646811196e+00 2.328926090834045615e-01 2.541921352935244682e-01 3.976412319231224513e-01 8.268070601840414591e-02
3.075380529441276423e+01 3.499900000000000000e+05 1.363293785977782308e-02 1.489690184350950464e+00 2.320718117449121487e-01 2.534185201049147240e-01 3.972857773167658979e-01 8.231224541968852615e-02
3.086078359061859189e+01 3.451500000000000000e+05 1.367236435516948345e-02 1.493105142234939509e+00 2.318683306445575298e-01 2.533154063085655827e-01 3.980081159737643426e-01 8.211955405146757758e-02
3.096768562492325927e+01 3.441700000000000000e+05 1.366903313030463397e-02 1.493585570891716507e+00 2.316620289307644576e-01 2.531138333204266400e-01 3.979839238712405969e-01 8.184532048940794391e-02
3.107468549701471261e+01 3.414340000000000000e+05 1.363674430948358558e-02 1.494803317525019049e+00 2.310649829283730194e-01 2.526095768067148084e-01 3.981980024002111374e-01 8.171400161248928984e-02
3.118169074251188988e+01 3.388500000000000000e+05 1.360322134134442883e-02 1.498335648759196559e+00 2.308525078292508470e-01 2.524924335017134092e-01 3.988336512479344620e-01 8.133070741094895750e-02
3.128872219778712349e+01 3.366040000000000000e+05 1.360969191074702829e-02 1.502548086315700360e+00 2.309446595491244369e-01 2.526806138967296889e-01 3.997438778522354186e-01 8.115370321959669564e-02
3.139574163955110109e+01 3.339600000000000000e+05 1.366779050996380987e-02 1.502760674390635431e+00 2.307466561179971620e-01 2.525136350325457579e-01 3.999139294818694346e-01 8.136269221061484536e-02
3.150266707337630834e+01 3.307600000000000000e+05 1.361376149463488887e-02 1.506090262672636682e+00 2.302885634040653939e-01 2.521664567578080218e-01 4.004394761104501099e-01 8.086589218309414573e-02
3.160964918434159188e+01 3.291900000000000000e+05 1.365675024978603783e-02 1.510020741659416466e+00 2.305178889391335528e-01 2.524766249941619578e-01 4.014436128863668185e-01 8.099113364324549147e-02
3.171661474212661247e+01 3.253720000000000000e+05 1.367547828863075431e-02 1.509193622893308939e+00 2.298016183788049727e-01 2.518186047048486809e-01 4.012668196120470210e-01 8.101919764435347449e-02
3.182350537181992323e+01 3.236140000000000000e+05 1.372160753523424086e-02 1.517720683680352955e+00 2.307595586653511666e-01 2.529167913814399649e-01 4.034121150976346937e-01 8.124943181989083274e-02
3.193052051066148067e+01 3.208740000000000000e+05 1.371864079073688812e-02 1.521475144003993751e+00 2.305540963396086607e-01 2.528326112794270220e-01 4.042225082732553987e-01 8.109453566796825941e-02
3.203755977552566492e+01 3.180760000000000000e+05 1.370484497748424013e-02 1.524577070167239201e+00 2.302711964810430778e-01 2.526484147233288291e-01 4.048459723739485372e-01 8.088031778119229853e-02
3.214452475314409696e+01 3.153660000000000000e+05 1.371895849207548611e-02 1.522860858730919809e+00 2.295816123832667699e-01 2.519633990251134437e-01 4.043172619019394509e-01 8.062761978784360739e-02
3.225135036081964302e+01 3.116620000000000000e+05 1.378353533593004894e-02 1.533638686661138895e+00 2.306139792293670499e-01 2.532177659045782292e-01 4.071769873247313987e-01 8.121186447917289053e-02
3.235836140406364336e+01 3.110280000000000000e+05 1.378588381057294782e-02 1.538148354646729388e+00 2.305453703654675723e-01 2.532586367389262905e-01 4.080811411698435087e-01 8.088408945392906724e-02
3.246545492563989654e+01 3.064960000000000000e+05 1.380672432587215503e-02 1.544525378408188487e+00 2.310356755903050785e-01 2.538680896100035667e-01 4.095753855191169301e-01 8.084305830382743085e-02
3.257226770926305193e+01 3.036940000000000000e+05 1.382191320387539391e-02 1.548081002110953897e+00 2.308249045248992604e-01 2.537745246592635340e-01 4.104282413739842039e-01 8.085775324773747386e-02
3.267918502580098306e+01 3.019080000000000000e+05 1.385816567403706442e-02 1.560082699670300777e+00 2.322187998244377716e-01 2.553644258012641166e-01 4.133877727026303295e-01 8.107697631811609795e-02
3.278623603451405444e+01 2.981560000000000000e+05 1.381911808515578523e-02 1.555933793787828145e+00 2.309285472557096874e-01 2.540569972400043008e-01 4.121263170160175404e-01 8.053810742619464669e-02
3.289340508285702214e+01 2.972040000000000000e+05 1.391551318049424370e-02 1.557802503479044143e+00 2.310728823896754380e-01 2.542340012138042948e-01 4.126434554839756852e-01 8.063708490815871266e-02
3.300025059755746071e+01 2.903800000000000000e+05 1.393698542449673360e-02 1.561925204925809219e+00 2.309286732187812163e-01 2.542088806914015731e-01 4.135895630337729778e-01 8.056648494460809384e-02
3.310695605530747798e+01 2.906340000000000000e+05 1.394899683344398567e-02 1.565820266287094142e+00 2.310407968754719099e-01 2.543884374925497460e-01 4.143763693803362846e-01 8.028987266651743671e-02
3.321401904933838267e+01 2.865940000000000000e+05 1.400606119483857950e-02 1.574384972934770088e+00 2.318539005029331967e-01 2.553779490952019504e-01 4.166414497517774707e-01 8.073625014438838565e-02
3.332112772235213072e+01 2.843980000000000000e+05 1.405518392000241513e-02 1.576132178744598100e+00 2.313527998717615497e-01 2.549724741283612706e-01 4.170563300534968487e-01 8.071306481272588762e-02
3.342816342641506822e+01 2.808840000000000000e+05 1.402827197285243938e-02 1.585758445251033377e+00 2.319256308864333371e-01 2.557301701837533803e-01 4.191909796289173262e-01 8.043986218748994110e-02
3.353508444474211814e+01 2.772460000000000000e+05 1.410967142543755395e-02 1.590384456693426207e+00 2.323132166129391607e-01 2.562107759751743319e-01 4.204717681438013277e-01 8.076907521551786318e-02
3.364210443563371200e+01 2.754660000000000000e+05 1.418907569313635972e-02 1.602664717520610793e+00 2.334318557981903408e-01 2.575724005213799184e-01 4.235196776950165276e-01 8.101045880758074580e-02
3.374921255599115000e+01 2.715280000000000000e+05 1.421699067245241893e-02 1.607636406678225383e+00 2.336855401607622618e-01 2.579403118287554308e-01 4.248252212031473629e-01 8.125370370541000475e-02
3.385611450482955576e+01 2.680480000000000000e+05 1.422117327607304305e-02 1.615120083533843065e+00 2.339920827188045060e-01 2.584017736026240630e-01 4.264227877107043541e-01 8.090405404570542858e-02
3.396296696952051519e+01 2.654580000000000000e+05 1.428405597630674935e-02 1.619875138880782828e+00 2.345314081876839762e-01 2.590091636582966816e-01 4.276717753291314206e-01 8.111826461522615717e-02
3.406997101243796777e+01 2.618920000000000000e+05 1.434138558045499300e-02 1.627756926233497214e+00 2.351660888377546943e-01 2.598127709358303283e-01 4.297626498996930944e-01 8.153932363417261409e-02
3.417688088134747204e+01 2.591340000000000000e+05 1.443548903121133833e-02 1.640627327423271220e+00 2.363486368811500982e-01 2.612563639091372014e-01 4.330395883756923414e-01 8.195179933844606857e-02
3.428370588045179801e+01 2.549260000000000000e+05 1.446593249406411506e-02 1.647293097484523017e+00 2.368649889339208003e-01 2.619018546964828609e-01 4.346641216066833291e-01 8.202969260482591285e-02
3.439068862695248185e+01 2.533140000000000000e+05 1.449827556006188546e-02 1.655859182415663877e+00 2.369809189532265103e-01 2.622150919140113223e-01 4.365272076069279805e-01 8.168388722149401426e-02
3.449782648278630859e+01 2.493460000000000000e+05 1.460081764807859804e-02 1.663604765150473064e+00 2.381093513352699476e-01 2.634837277178599946e-01 4.387142943468878564e-01 8.233816675207214497e-02
3.460479975796066299e+01 2.456800000000000000e+05 1.464856085086291976e-02 1.668667954914130558e+00 2.384730964978029888e-01 2.639470221035764008e-01 4.400336604944053986e-01 8.255526906508629803e-02
3.471160857240605679e+01 2.424420000000000000e+05 1.470364897210639163e-02 1.682782805864332376e+00 2.394305230437556165e-01 2.651796174209833934e-01 4.433568869369218790e-01 8.249150337988962745e-02
3.481859189735321536e+01 2.393860000000000000e+05 1.473075339961334509e-02 1.693206275477258105e+00 2.403499137530442920e-01 2.663006209674562696e-01 4.459297937181766480e-01 8.268932402238900192e-02
3.492571212049016793e+01 2.365440000000000000e+05 1.483880940804938389e-02 1.702404135278386299e+00 2.411763971431686027e-01 2.673072644419298705e-01 4.483512742504690562e-01 8.312190049250611779e-02
3.503274805321819940e+01 2.322940000000000000e+05 1.495716921198759868e-02 1.707651425220992003e+00 2.416531846701342190e-01 2.678981345799300584e-01 4.498226522600438093e-01 8.351877483429635818e-02
3.513967597248581853e+01 2.290440000000000000e+05 1.499944111865126987e-02 1.720243157804830947e+00 2.428253363246066221e-01 2.692818912473312620e-01 4.527646211438102752e-01 8.342018012926291637e-02
3.524673463416404928e+01 2.263000000000000000e+05 1.511382265859883417e-02 1.728822220368563478e+00 2.434149676991685385e-01 2.700713243659521590e-01 4.550749362689349153e-01 8.392003962169247711e-02
3.535385481583261935e+01 2.219380000000000000e+05 1.513370705271782288e-02 1.743717808596830121e+00 2.449673481801083741e-01 2.718813029921161029e-01 4.587010105941691784e-01 8.411116681087246749e-02
3.546059347110648474e+01 2.182620000000000000e+05 1.526190678572608879e-02 1.747394511550883323e+00 2.450573426762174822e-01 2.720463410890924250e-01 4.596151527018774718e-01 8.413152878269711255e-02
3.556731210104838681e+01 2.145940000000000000e+05 1.532563963508962526e-02 1.756103089348083790e+00 2.461671043556179217e-01 2.732984222680902020e-01 4.618835180333885071e-01 8.451280510564317117e-02
3.567447954555080258e+01 2.128920000000000000e+05 1.543536921135241734e-02 1.774268605464239146e+00 2.481276444773364842e-01 2.755776919824959870e-01 4.664553350460397541e-01 8.500046706118281892e-02
3.578149431768800071e+01 2.071900000000000000e+05 1.557385366795538580e-02 1.788392840442812659e+00 2.499244771327372716e-01 2.776276462218882912e-01 4.702850546274036092e-01 8.590196823809219395e-02
3.588823576822665018e+01 2.043540000000000000e+05 1.556895322291160060e-02 1.787314254691438231e+00 2.489861568219768340e-01 2.767305917164015194e-01 4.698195286659960224e-01 8.548372913976702570e-02
3.599520492240594649e+01 2.012320000000000000e+05 1.569375353133438747e-02 1.806231260787975357e+00 2.509148414492531898e-01 2.789957551989925011e-01 4.745475534675629437e-01 8.592011018130273070e-02
3.610215755725821651e+01 1.966000000000000000e+05 1.586283654035520671e-02 1.818480220886862231e+00 2.525875907948848531e-01 2.808561774145923451e-01 4.778796729156031264e-01 8.669782322538305275e-02
3.620912326475229293e+01 1.942380000000000000e+05 1.591548909123844530e-02 1.832397076251533807e+00 2.542491344760719474e-01 2.827357003346041009e-01 4.813086648890410602e-01 8.694081808525096211e-02
3.631614158471965936e+01 1.895260000000000000e+05 1.598833635532391148e-02 1.841888463974409751e+00 2.546637768233313004e-01 2.833692002002436983e-01 4.836268544621799559e-01 8.704620178031592659e-02
3.642328701232143828e+01 1.868280000000000000e+05 1.609635226089203494e-02 1.857222870771330969e+00 2.564070434858048420e-01 2.853905116993643576e-01 4.876498070940497032e-01 8.777729360156601157e-02
3.653036199328654021e+01 1.822960000000000000e+05 1.617211612713423050e-02 1.878143286362876641e+00 2.581915278340284337e-01 2.875785006732460847e-01 4.927830803568820084e-01 8.810165719334077383e-02
3.663708317574132423e+01 1.777480000000000000e+05 1.626625494504598327e-02 1.881651109545608547e+00 2.586567952203377985e-01 2.880679914975868838e-01 4.935719190519292088e-01 8.796919456330044851e-02
3.674404165957288626e+01 1.758060000000000000e+05 1.647980555238845804e-02 1.904022710232135429e+00 2.607711065833636099e-01 2.906326091430543879e-01 4.994650126497153231e-01 8.905417979159685471e-02
3.685113141987510943e+01 1.704700000000000000e+05 1.652327538716385699e-02 1.914861922403847005e+00 2.616531874425641613e-01 2.917370628616253181e-01 5.021331459907536487e-01 8.923702782666727285e-02
3.695816227225071771e+01 1.676460000000000000e+05 1.671410290398190474e-02 1.929451558633660913e+00 2.637245054813300849e-01 2.940363814467480408e-01 5.060885034711620767e-01 9.014191281148258017e-02
3.706511266916877645e+01 1.631200000000000000e+05 1.668438350849590912e-02 1.936287378028226813e+00 2.638914407005291118e-01 2.943332665971573614e-01 5.074189974260153724e-01 8.958249739055904048e-02
3.717198898508983973e+01 1.589820000000000000e+05 1.691231501501560403e-02 1.951240851264150367e+00 2.659759298942856454e-01 2.966751775165343830e-01 5.116105863580771018e-01 9.076825861035348053e-02
3.727886829499068000e+01 1.558780000000000000e+05 1.703095690366248846e-02 1.969262487967734732e+00 2.675703575673067935e-01 2.986318298819928829e-01 5.162783229678469255e-01 9.151134882474562526e-02
3.738584684673741521e+01 1.510300000000000000e+05 1.705759605875849585e-02 1.976156974839046176e+00 2.676894763632373664e-01 2.989052926118530573e-01 5.177897854130061317e-01 9.125660278120051316e-02
3.749274830000148739e+01 1.479480000000000000e+05 1.722885821007209828e-02 1.998115658018588148e+00 2.702264648964083360e-01 3.018060979144422951e-01 5.234862529405898135e-01 9.216596837188924252e-02
3.759968695879564393e+01 1.432480000000000000e+05 1.725449863890712518e-02 1.994599109864772846e+00 2.695012767614916593e-01 3.009967102025657426e-01 5.221910415254853444e-01 9.122585213910955337e-02
3.770686314389461558e+01 1.401240000000000000e+05 1.745791306718554731e-02 2.028965506081845671e+00 2.739767636804720796e-01 3.060546448915857920e-01 5.312986033908385641e-01 9.306806372757653323e-02
3.781381578904389329e+01 1.352020000000000000e+05 1.747629658275039188e-02 2.017732705651275271e+00 2.720059046702983374e-01 3.039494499594362908e-01 5.285098806311566699e-01 9.279765840274838140e-02
3.792043150861447742e+01 1.306620000000000000e+05 1.758130198379729767e-02 2.037170799156601042e+00 2.740144005712666364e-01 3.063025805189005801e-01 5.332364137557693562e-01 9.299466449472260088e-02
3.802751536449891745e+01 1.285780000000000000e+05 1.767162402558129786e-02 2.045643948724282790e+00 2.745500610427651922e-01 3.070471494228079190e-01 5.355165915178374814e-01 9.349707328531942085e-02
3.813478762628417229e+01 1.225660000000000000e+05 1.770780323454724386e-02 2.063318854892223442e+00 2.761271520130313406e-01 3.089241528726974217e-01 5.398564294490582061e-01 9.379164790566366094e-02
3.824156932045221424e+01 1.193040000000000000e+05 1.781516351333423814e-02 2.072455155567039409e+00 2.769133728845389886e-01 3.099162267189524700e-01 5.422714747859304074e-01 9.424087827942534412e-02
3.834849023574852112e+01 1.147000000000000000e+05 1.783320100950358880e-02 2.074594613245925867e+00 2.772022435444169708e-01 3.102222558373215477e-01 5.428099398533983155e-01 9.429563956450370821e-02
3.845538784093170648e+01 1.105920000000000000e+05 1.788380817407795101e-02 2.073884816468175352e+00 2.762784225623994283e-01 3.092836797717668507e-01 5.422137866364173941e-01 9.341197596635922307e-02
3.856226795906003701e+01 1.065100000000000000e+05 1.791938617098491268e-02 2.089277514500950339e+00 2.771810978318391960e-01 3.105421499276610486e-01 5.459710220312191664e-01 9.362186141572224896e-02
3.866894907366923206e+01 1.017160000000000000e+05 1.794296281150146652e-02 2.093215907679905285e+00 2.775163526496865485e-01 3.109556203934974450e-01 5.468971378181061160e-01 9.359744077843559773e-02
3.877596510422194598e+01 9.871500000000000000e+04 1.790785825935966441e-02 2.093949080366314774e+00 2.769925264834276479e-01 3.104925709278435475e-01 5.468940549982065358e-01 9.326250494263020607e-02
3.888336863104089502e+01 9.461500000000000000e+04 1.781682980907258254e-02 2.081971285761685664e+00 2.744528974807765587e-01 3.077830419788205041e-01 5.434705536048504149e-01 9.213225544940145673e-02
3.899014443976081878e+01 9.051300000000000000e+04 1.807290593579316540e-02 2.104529527259977773e+00 2.772719401321678823e-01 3.110492550034111292e-01 5.498250860588044242e-01 9.402994272531542408e-02
3.909712207877980461e+01 8.835100000000000000e+04 1.804830578132525856e-02 2.101486124218695295e+00 2.764204673170650439e-01 3.101235870100471081e-01 5.486633379043288627e-01 9.315934586953281138e-02
3.920438220913518279e+01 8.455500000000000000e+04 1.807279999259911799e-02 2.107341651162582874e+00 2.758774513660285921e-01 3.097892291295830103e-01 5.499634158891449909e-01 9.297479413621144440e-02
3.931129123009387882e+01 8.170900000000000000e+04 1.811264283884641765e-02 2.114838618885582555e+00 2.768176539918783541e-01 3.108398156344436281e-01 5.519132639470292201e-01 9.330510044168945083e-02
3.941809723783823216e+01 7.872400000000000000e+04 1.813846404627341216e-02 2.116694317406651926e+00 2.763880396487086721e-01 3.104863108990427167e-01 5.523328070400892464e-01 9.325215320154434107e-02
3.952498295543929174e+01 7.623300000000000000e+04 1.823527864438195464e-02 2.134219639398863944e+00 2.779375164210476368e-01 3.124019032384707240e-01 5.568255075194912251e-01 9.389153655008691812e-02
3.963208630665438648e+01 7.356100000000000000e+04 1.848080218255637383e-02 2.141885367902982562e+00 2.793338001265647241e-01 3.138705990207474872e-01 5.588652801402540504e-01 9.421333107902432613e-02
3.973899631266661459e+01 7.083000000000000000e+04 1.841249864256599283e-02 2.147607562530974068e+00 2.794027057592295415e-01 3.140198308960628903e-01 5.599534377537018770e-01 9.371676367545539454e-02
3.984563973306794082e+01 6.823000000000000000e+04 1.847372799439736188e-02 2.160109058760296463e+00 2.789016031184370359e-01 3.138841433365854861e-01 5.626180219187403297e-01 9.309573385922520483e-02
3.995268836983542116e+01 6.649800000000000000e+04 1.847527585344532070e-02 2.186152122785862240e+00 2.816855194203183310e-01 3.171533218792295661e-01 5.693761714838529997e-01 9.428486802663603450e-02
4.005988102013265717e+01 6.358600000000000000e+04 1.861140084937223937e-02 2.193322456850815172e+00 2.818913470683001576e-01 3.174831836395841655e-01 5.709126772252580695e-01 9.389180466236722589e-02
4.016691043360450664e+01 6.177400000000000000e+04 1.898795138933674631e-02 2.215451079196196993e+00 2.841354443993177048e-01 3.202563179447087127e-01 5.773874601436911336e-01 9.617008403435160779e-02
4.027355473632727723e+01 5.879400000000000000e+04 1.912574741256867911e-02 2.224790920070517597e+00 2.856172556817559993e-01 3.218092835231101123e-01 5.796878388921894443e-01 9.627733206861424642e-02
4.038033398227036486e+01 5.754700000000000000e+04 1.917279995088917721e-02 2.233615207954135151e+00 2.858743289670291898e-01 3.223007474475390044e-01 5.820668789203011784e-01 9.683410958082329378e-02
4.048784885743675943e+01 5.535000000000000000e+04 1.918133414399684350e-02 2.250198040119261389e+00 2.893926396485191899e-01 3.259553940451200282e-01 5.863694549308892112e-01 9.758600622198915220e-02
4.059488825668854162e+01 5.302300000000000000e+04 1.938885075723896859e-02 2.268310694298871333e+00 2.898257561909863278e-01 3.267859805566502573e-01 5.905333466818366572e-01 9.723065069850304887e-02
4.070154119627313349e+01 5.109900000000000000e+04 1.947494478307726720e-02 2.253750980994712272e+00 2.878292323710756606e-01 3.245563464796983877e-01 5.870858216399190699e-01 9.718184821092944181e-02
4.080872303630995646e+01 4.955500000000000000e+04 1.964260645484806889e-02 2.297348498336732270e+00 2.924339179536317168e-01 3.299328721645019002e-01 5.978839208701209884e-01 9.805382059560388552e-02
4.091624289222018263e+01 4.765900000000000000e+04 1.965751773825223300e-02 2.300875239038258524e+00 2.923565674602747744e-01 3.298718819452585715e-01 5.982377503640492478e-01 9.708355673643445649e-02
4.102298155915180189e+01 4.529100000000000000e+04 1.988779800222323368e-02 2.328332385520466286e+00 2.962213336311784739e-01 3.343054121143260171e-01 6.065359400535491607e-01 1.005644826170343370e-01
4.112951937371880717e+01 4.399900000000000000e+04 2.023708467347800147e-02 2.323617204372833367e+00 2.943624951603378559e-01 3.323675220336355651e-01 6.046137915361105009e-01 9.876654104365163722e-02
4.123699914147614720e+01 4.248300000000000000e+04 2.040366275649958469e-02 2.342141551112619791e+00 2.966822941664092328e-01 3.349804580253726294e-01 6.092890941632481683e-01 9.926134558659821527e-02
4.134402170988769853e+01 4.032700000000000000e+04 2.039339949323673573e-02 2.367984916249390448e+00 2.981985524349687888e-01 3.370309366527554640e-01 6.154729822256108651e-01 9.940195049463633470e-02
4.145038899343203553e+01 3.882700000000000000e+04 2.071640067510186964e-02 2.390872545131313309e+00 3.014533074522064426e-01 3.406586988051020226e-01 6.219229731742182965e-01 1.012993385831816584e-01
4.155751784906856017e+01 3.768300000000000000e+04 2.058441470633820200e-02 2.407915625598441522e+00 3.028251742060616980e-01 3.422478536951094608e-01 6.252105303390245172e-01 9.987584252542486274e-02
4.166526513597658266e+01 3.605500000000000000e+04 2.094095190968355349e-02 2.421901774582273958e+00 3.048710899224328918e-01 3.445520875189692078e-01 6.295979138735559033e-01 1.018438284728450799e-01
4.177201422154197274e+01 3.409800000000000000e+04 2.139624194056429993e-02 2.460916000171315954e+00 3.090149762949398471e-01 3.494868811486490645e-01 6.399597311916209730e-01 1.038618413351449082e-01
4.187809562918591411e+01 3.277900000000000000e+04 2.153571817603557037e-02 2.484654155517595608e+00 3.116931101944782068e-01 3.526812743969096609e-01 6.468184349249331833e-01 1.062712367635705174e-01
4.198550970397955950e+01 3.199200000000000000e+04 2.179558072043032146e-02 2.539985857044231299e+00 3.177689498802701018e-01 3.597543874954780563e-01 6.608014301283512415e-01 1.079106771254821628e-01
4.209285356128030031e+01 2.995900000000000000e+04 2.176366858716696079e-02 2.540488678825416180e+00 3.172303543455211039e-01 3.591094116736129327e-01 6.603626481979191221e-01 1.068111341418539056e-01
4.219924694713985502e+01 2.882800000000000000e+04 2.202805614023168462e-02 2.585923778781265892e+00 3.212753516284762578e-01 3.639678462404037362e-01 6.713195233310655929e-01 1.070793979592130213e-01
4.230600671422583048e+01 2.761500000000000000e+04 2.242345978958085531e-02 2.597866286008205794e+00 3.214969745276464730e-01 3.646190358241633289e-01 6.749075831621532684e-01 1.083950949958997767e-01
4.241340917922484266e+01 2.648800000000000000e+04 2.258701463169263471e-02 2.650397994531935364e+00 3.282065978547501484e-01 3.722525496054254757e-01 6.888662946491524997e-01 1.113630689987250982e-01
4.252088026026639511e+01 2.520300000000000000e+04 2.290440626681883654e-02 2.691369453876629514e+00 3.323772629419696201e-01 3.769809913672926838e-01 6.981774934727945636e-01 1.104239949292423889e-01
4.262725950770190053e+01 2.365600000000000000e+04 2.297903848534470911e-02 2.733333484112638434e+00 3.371436288540543003e-01 3.825319700636617970e-01 7.089669141245558137e-01 1.121014478710742612e-01
4.273360894783402131e+01 2.288700000000000000e+04 2.361319430462610267e-02 2.726503157074902539e+00 3.362807931925753113e-01 3.815861001298068711e-01 7.080512023834587554e-01 1.131694399221740838e-01
4.284150829021771756e+01 2.195200000000000000e+04 2.339075132236781776e-02 2.763728202331349415e+00 3.387506250524663365e-01 3.847116332913998460e-01 7.160601584511814277e-01 1.116834592676993754e-01
4.294891554091235264e+01 2.050000000000000000e+04 2.408537575645566114e-02 2.824204115908280688e+00 3.466766387657483905e-01 3.936599515555281870e-01 7.326803586962468140e-01 1.159349849129381188e-01
4.305472878777592882e+01 1.932300000000000000e+04 2.446566666146019267e-02 2.860495129904276013e+00 3.506539232683638097e-01 3.983268595703629567e-01 7.419852399618984684e-01 1.171670906780416799e-01
4.316169401954684304e+01 1.881400000000000000e+04 2.444433449040055856e-02 2.829524098152129241e+00 3.455106490872208447e-01 3.926429168718807983e-01 7.338922188956000792e-01 1.156510350170582152e-01
4.326994006104969515e+01 1.768800000000000000e+04 2.487025921134023917e-02 2.928575976508168033e+00 3.586378822792626320e-01 4.075141406772851416e-01 7.605305813059525244e-01 1.218224609582713031e-01
4.337686699930662115e+01 1.650400000000000000e+04 2.535132638405949643e-02 2.963339226156746165e+00 3.623090148397042354e-01 4.117338793421390641e-01 7.682724321213999508e-01 1.205967298181790798e-01
4.348232201810193942e+01 1.544400000000000000e+04 2.530724565213397781e-02 2.959878423577536388e+00 3.626596889140691893e-01 4.118066997330756540e-01 7.673769077625102186e-01 1.204669478394162774e-01
4.358971561122400828e+01 1.515100000000000000e+04 2.605271002817786952e-02 3.062939612158698477e+00 3.727574192252100516e-01 4.239561774129610439e-01 7.942845230980660753e-01 1.251094707951064533e-01
4.369847297129271624e+01 1.403200000000000000e+04 2.636125659442904029e-02 3.096031652823182156e+00 3.767282324956118256e-01 4.283706809554787553e-01 8.014898160152320594e-01 1.236925004499183911e-01
4.380443139457426582e+01 1.279200000000000000e+04 2.686152432146114363e-02 3.116721883231277967e+00 3.796005384160583973e-01 4.317032736528659820e-01 8.083473567692247563e-01 1.273529113114591771e-01
4.390939072213888750e+01 1.225600000000000000e+04 2.689395337016028259e-02 3.173765628147909634e+00 3.864536158276437039e-01 4.393934223902191682e-01 8.221389108071883722e-01 1.279182468670590211e-01
4.401772030021989224e+01 1.184400000000000000e+04 2.769174693530995421e-02 3.237297885763780858e+00 3.909440088107863920e-01 4.450084385062029191e-01 8.378402368486060903e-01 1.288285280242529307e-01
4.412624954936854493e+01 1.078000000000000000e+04 2.786505046846161904e-02 3.353550094749595978e+00 4.040794521461138489e-01 4.604369458723565067e-01 8.684428877136451952e-01 1.349200554911354766e-01
4.423195992686854083e+01 9.868000000000000000e+03 2.865120203931935047e-02 3.400710558651983018e+00 4.121947751109598657e-01 4.691806770903803048e-01 8.813346039138075794e-01 1.379681801414133213e-01
4.433815912576657325e+01 9.486000000000000000e+03 2.861005104532501550e-02 3.431279167455894896e+00 4.128920321855799602e-01 4.704455587291965779e-01 8.876684172685909147e-01 1.361868852025146792e-01
4.444673329867327993e+01 8.824000000000000000e+03 2.952909423548157747e-02 3.525842241051375670e+00 4.210167350173819045e-01 4.805454398735590216e-01 9.113396825785413657e-01 1.382857791609028997e-01
4.455328148045542491e+01 7.896000000000000000e+03 2.939284356449223951e-02 3.602114152469972908e+00 4.311879667144236650e-01 4.918345422151951252e-01 9.308093412851494719e-01 1.411965694933218773e-01
4.465672045739432150e+01 7.228000000000000000e+03 3.041250045404961244e-02 3.557113452265547426e+00 4.294822796587285385e-01 4.889232253433592468e-01 9.198866418258118127e-01 1.401132363500059985e-01
4.476549294278329683e+01 7.332000000000000000e+03 3.130648029903936036e-02 3.623744031164937596e+00 4.396463454781429636e-01 5.002883504072171972e-01 9.395536137214856032e-01 1.474421376049747379e-01
4.487637752975774674e+01 6.292000000000000000e+03 3.129546559496994285e-02 3.794604730683337035e+00 4.523292807963314455e-01 5.162386784363623971e-01 9.800944724859962376e-01 1.476546855435748595e-01
4.498055708906358063e+01 5.524000000000000000e+03 3.184910870677942069e-02 3.776723426204891432e+00 4.528811777176205977e-01 5.161754699434086824e-01 9.753890943072510700e-01 1.464149906053207328e-01
4.508287267328293524e+01 5.172000000000000000e+03 3.388157545447573887e-02 3.951930895047310877e+00 4.727835473446682646e-01 5.394723129435332609e-01 1.021476199465794821e+00 1.545906182600012835e-01
4.519355986123767366e+01 5.188000000000000000e+03 3.439915562571618096e-02 3.989887294016529307e+00 4.695470391682048383e-01 5.373849982384333313e-01 1.030235670833149930e+00 1.538697695551538847e-01
4.530659428897991603e+01 4.386000000000000000e+03 3.484328152501300901e-02 3.932917765848872538e+00 4.747845338920494984e-01 5.403395887853136292e-01 1.017518647317988023e+00 1.551683899465342298e-01
4.540899736355984828e+01 3.520000000000000000e+03 3.514934835518806339e-02 4.208059341049490421e+00 5.022442987688828797e-01 5.731698933878964786e-01 1.087872515626701286e+00 1.654867451133542888e-01
4.550937256763914007e+01 3.516000000000000000e+03 3.532670474531659360e-02 4.191727913581011933e+00 4.965301878498701305e-01 5.668863770427081672e-01 1.079841339091740737e+00 1.570550801437042565e-01
4.562243326765445062e+01 3.388000000000000000e+03 3.679326147449026030e-02 4.248851367547442415e+00 5.068097606882284722e-01 5.778750607423027708e-01 1.096342274539856332e+00 1.622485422461936444e-01
4.573709947858509395e+01 2.800000000000000000e+03 3.809144625738580120e-02 4.426982368613675334e+00 5.241654251929417363e-01 5.991795372221395688e-01 1.143740364011366806e+00 1.720507355540753514e-01
4.583467699676652529e+01 1.932000000000000000e+03 3.908832235264001614e-02 4.619283201531462879e+00 5.390905005847220766e-01 6.179750463609159361e-01 1.190480642837026037e+00 1.739831809577272181e-01
4.593284860737928454e+01 2.236000000000000000e+03 3.902625955981175315e-02 4.497124342509636108e+00 5.372842527605271590e-01 6.130214460522419584e-01 1.164432883924523487e+00 1.797473041910893909e-01
4.605078524552519781e+01 2.013000000000000000e+03 3.899323214320650488e-02 4.655608668790960358e+00 5.468250940869331389e-01 6.257090206211264327e-01 1.198710184490274111e+00 1.732976499626027733e-01
4.616873995781739382e+01 1.576000000000000000e+03 4.158379016029741665e-02 4.854732605682945845e+00 5.776427289859680236e-01 6.604193390677408626e-01 1.259887643695980275e+00 2.000526804600046282e-01
4.625859178282501460e+01 8.460000000000000000e+02 4.177476900799066001e-02 4.899130112075240184e+00 5.741549773652367961e-01 6.582959610618516200e-01 1.267630502406805082e+00 1.944184427209485200e-01
4.635543923097079499e+01 1.228000000000000000e+03 4.212325903872783661e-02 4.927292864019459984e+00 5.731287489787232348e-01 6.571034513527420629e-01 1.271282761980762066e+00 1.882040591685549269e-01
4.647736207050834878e+01 9.640000000000000000e+02 4.468868695812742292e-02 5.242628211459603449e+00 6.158931278526525999e-01 7.053632633718016631e-01 1.356905182307519775e+00 2.088503647090359239e-01
4.659853650238704859e+01 7.170000000000000000e+02 4.238221470876039204e-02 5.052257250871327265e+00 5.905295642673172862e-01 6.751035070774989988e-01 1.298535230253483830e+00 1.834181613493183483e-01
4.669086164899982094e+01 3.040000000000000000e+02 4.414519058179785377e-02 5.524936798115873238e+00 6.452416506597377088e-01 7.393589853239501686e-01 1.428539484509522062e+00 2.187849793683402655e-01
4.678254322269242493e+01 4.440000000000000000e+02 4.681064284124639846e-02 5.841780433289705421e+00 6.819858433075038917e-01 7.820230719890236548e-01 1.510278441915578140e+00 2.308910989571112959e-01
4.690460940767283660e+01 2.920000000000000000e+02 5.371219681629619408e-02 6.537879199878868342e+00 7.879235427757538268e-01 8.998823693633427601e-01 1.699022943775657213e+00 2.752818167062103250e-01
4.702644381521540140e+01 1.720000000000000000e+02 5.071290102584569831e-02 5.458424036212983665e+00 5.971000088747945300e-01 6.936780922020148177e-01 1.407360952589497005e+00 2.044364151981879207e-01
4.712337469613589747e+01 5.100000000000000000e+01 6.438100939683538693e-02 5.621018803478602166e+00 6.780849463650321374e-01 7.690169260905457271e-01 1.466703275509678717e+00 2.389753995285956445e-01
4.720746447872692642e+01 5.200000000000000000e+01 4.981921205044860523e-02 7.466668020993895816e+00 7.764307085681224629e-01 9.145948756637000132e-01 1.917957129278197614e+00 2.755709475072331549e-01
4.732364017170161219e+01 1.200000000000000000e+01 1.706111762580054744e-02 5.168327351418589011e+00 5.697783855423350641e-01 6.412094442006219808e-01 1.247375530361416018e+00 3.940776170128413441e-02
4.743157887156689867e+01 1.000000000000000000e+00 1.990531343489007447e-03 1.616241432458503935e-02 9.735246503120196463e-04 1.579829907877949944e-03 7.183798277550942218e-03 5.672018362059685209e-03
