# stage 09   label CDM   z 3.000000   box 58.737151
# grid 512  MAS CIC
# mass fractions gas 0.13750872 conv 0.02203907 dm 0.84045221
# matter shot noise 3.05072516e-04
# k  Nmodes  P_gas  P_conv  P_dm  P_matter  P_baryon  P_gc
1.515163917773019453e-01 1.300000000000000000e+01 3.126773209487958525e+02 2.711691315874468728e+03 5.229200262265871970e+02 5.192478553940907204e+02 5.001196881082197478e+02 9.076470004788174037e+02
2.567220547362764616e-01 3.300000000000000000e+01 1.117081837515908376e+02 1.076410778319452675e+03 1.887674547396022149e+02 1.875446261869354885e+02 1.811700749833456712e+02 3.261254732600836519e+02
3.651505290679538662e-01 7.900000000000000000e+01 6.131583289642913570e+01 7.369983259166787093e+02 1.118829832786190650e+02 1.111196473680162171e+02 1.071428843915822569e+02 1.996328779822398474e+02
4.739182469684554144e-01 1.170000000000000000e+02 2.885427728346624932e+01 4.095744393345519256e+02 5.493097649870755106e+01 5.454466874736420579e+01 5.253313545197620016e+01 9.779084957432239378e+01
5.848257382506321100e-01 2.050000000000000000e+02 1.983309361261726522e+01 2.795371711949439941e+02 3.755852006020040079e+01 3.729513818136783954e+01 3.592376249659526621e+01 6.659869652335915191e+01
6.891527207999575966e-01 2.350000000000000000e+02 1.728775168696373399e+01 2.595532730658564446e+02 3.356208707977439332e+01 3.332551601701445776e+01 3.209384620836409852e+01 6.005587808772480685e+01
7.962110149942879245e-01 3.690000000000000000e+02 1.111714950386952871e+01 1.984832713850117045e+02 2.270761287330239142e+01 2.254392973020065583e+01 2.169201837149155665e+01 4.051447205416793196e+01
9.037253231392656794e-01 4.330000000000000000e+02 9.169281072490736761e+00 1.795998497001912142e+02 1.950869965335762757e+01 1.936556975307814810e+01 1.862081246811988677e+01 3.520598027794707008e+01
1.012197955081368894e+00 5.850000000000000000e+02 7.392017106396441939e+00 1.563213130787400758e+02 1.624270766370954888e+01 1.612161650774213584e+01 1.549172956694039627e+01 2.947440143071584373e+01
1.119602274143112197e+00 6.790000000000000000e+02 5.939896500349775899e+00 1.416543758366050554e+02 1.366828097114528262e+01 1.356382520007043091e+01 1.302068846103299649e+01 2.480201938827665131e+01
1.225226751773826672e+00 8.130000000000000000e+02 5.118230760380566124e+00 1.283911255156150162e+02 1.200405958217124436e+01 1.191206290712279525e+01 1.143377910878794523e+01 2.176351932849426518e+01
1.332693320252414937e+00 9.850000000000000000e+02 4.344153483652767989e+00 1.220183005492613120e+02 1.072037820836266775e+01 1.063677696960151664e+01 1.020229906579239199e+01 1.951711069190562498e+01
1.442085419831981463e+00 1.183000000000000000e+03 3.544641735011078154e+00 1.042533429268703742e+02 8.856381169702300937e+00 8.787055500739221259e+00 8.426906779870686037e+00 1.597866076464114116e+01
1.548739498396934922e+00 1.269000000000000000e+03 3.292065373019366081e+00 1.052185680960706549e+02 8.563989190200819834e+00 8.496121955850947316e+00 8.143644592180594444e+00 1.549961964470222675e+01
1.654964458706200459e+00 1.537000000000000000e+03 2.827665511938885601e+00 1.003350586196344381e+02 7.722711908378578016e+00 7.661009265529360235e+00 7.340675070926454993e+00 1.396743057344927408e+01
1.761684072977645732e+00 1.653000000000000000e+03 2.548561307162174217e+00 9.197578875812503441e+01 6.997758481399437791e+00 6.941758493054035917e+00 6.651125859881284796e+00 1.261206197079521374e+01
1.868623895441072547e+00 1.963000000000000000e+03 2.317528399722946553e+00 8.699908935735471971e+01 6.466532914838272639e+00 6.414837880644878254e+00 6.146620790430298520e+00 1.161280549867817591e+01
1.975824600884029669e+00 2.121000000000000000e+03 1.989039986270842997e+00 8.172801331006449743e+01 5.793934975484504868e+00 5.747185912750357062e+00 5.504765402620579451e+00 1.036432435902608695e+01
2.083297606274093550e+00 2.413000000000000000e+03 1.842850586324828122e+00 7.656741969926167712e+01 5.363896621899968409e+00 5.321459094278583102e+00 5.101479479463208122e+00 9.540221541614021916e+00
2.190806389353336936e+00 2.635000000000000000e+03 1.697710644075127506e+00 7.597930613239537934e+01 5.163428529675354817e+00 5.121990964892737530e+00 4.907265200494396851e+00 9.224477960671068288e+00
2.297525113723676959e+00 2.877000000000000000e+03 1.542209525790447344e+00 7.163869854883529342e+01 4.763067982498976782e+00 4.725056842764926657e+00 4.528204846170264197e+00 8.465455741138134371e+00
2.403844122767996527e+00 3.169000000000000000e+03 1.393956691894508326e+00 6.834018028835617997e+01 4.433618464100982592e+00 4.398587260206962668e+00 4.217295431580589948e+00 7.886531483972698098e+00
2.511414911497361846e+00 3.507000000000000000e+03 1.304909853964311806e+00 6.680731352041971149e+01 4.231014052963894656e+00 4.197837335906426048e+00 4.026214526874587918e+00 7.484665897989933647e+00
2.618215287650212719e+00 3.685000000000000000e+03 1.229405530096755017e+00 6.525076636743581560e+01 4.056670583578527278e+00 4.024818296664883555e+00 3.860122554700187614e+00 7.147398282666522995e+00
2.725119467431119435e+00 4.165000000000000000e+03 1.180282019604016908e+00 6.467441680741089272e+01 3.969769813828108784e+00 3.938681849223175213e+00 3.778015591576759924e+00 7.002001408889764633e+00
2.832944963321792464e+00 4.377000000000000000e+03 1.064789737334234099e+00 6.306164791805851166e+01 3.725638436024903744e+00 3.696716507783178063e+00 3.547318882387611172e+00 6.522661395895094749e+00
2.940550585514471127e+00 4.855000000000000000e+03 1.012396621369553440e+00 6.187271127355805334e+01 3.623105025174586213e+00 3.595528756671950266e+00 3.453132734712072160e+00 6.385825330749835160e+00
3.047075274303125525e+00 4.929000000000000000e+03 9.360704799474452997e-01 6.003956108173479578e+01 3.406292216632050618e+00 3.381431345819648548e+00 3.253112918436704248e+00 5.930797741640194687e+00
3.153632156805153741e+00 5.581000000000000000e+03 8.856034242914319066e-01 5.812278726937751827e+01 3.273021943562782976e+00 3.249532501289742914e+00 3.128400094621704319e+00 5.718073894194716011e+00
3.259958553874163112e+00 5.679000000000000000e+03 8.191663640177769823e-01 5.525867445593535621e+01 3.064540726955225836e+00 3.043087249609371714e+00 2.932520364654410017e+00 5.332201456376668425e+00
3.367357499753221628e+00 6.385000000000000000e+03 7.967490350691472933e-01 5.527974744984737043e+01 3.030949188081819567e+00 3.010642051289140309e+00 2.906043735577122700e+00 5.289250724459288122e+00
3.474696492921901747e+00 6.553000000000000000e+03 7.379712496381772846e-01 5.369175476613330744e+01 2.869665321401859259e+00 2.851179392110100963e+00 2.756086682240268537e+00 4.970085425754918518e+00
3.581956660963620198e+00 7.125000000000000000e+03 6.987992816482723191e-01 5.221549399812034409e+01 2.749965175642960613e+00 2.733005592489746949e+00 2.645861657166585612e+00 4.747669167078000463e+00
3.689163779191058534e+00 7.447000000000000000e+03 6.632141203694078557e-01 5.077680979565088393e+01 2.644361008790106826e+00 2.628861174365713982e+00 2.549324782411884094e+00 4.568539453014274443e+00
3.796064726937468770e+00 7.929000000000000000e+03 6.327246451021125706e-01 4.981953666124977076e+01 2.560036684481492131e+00 2.545761712232114782e+00 2.472626149673195162e+00 4.418250590934313493e+00
3.903185594229741096e+00 8.353000000000000000e+03 5.968230948638676425e-01 4.955354618363236341e+01 2.489781754451431350e+00 2.476548361121915676e+00 2.408899560011411811e+00 4.283928262763353700e+00
4.009628416058343525e+00 8.775000000000000000e+03 5.715737273821753783e-01 4.726400629459171654e+01 2.367162630555885272e+00 2.355412078024045286e+00 2.295547171910958362e+00 4.070117687486987990e+00
4.116492766962148053e+00 9.313000000000000000e+03 5.400726498479060389e-01 4.683975060608980101e+01 2.292012960471622840e+00 2.281719788466995080e+00 2.229503515860772556e+00 3.925019060163960294e+00
4.223658256356446650e+00 9.841000000000000000e+03 5.185422355625148860e-01 4.647986724073161469e+01 2.245031410505384351e+00 2.235703168510376315e+00 2.188595114924845930e+00 3.849219680462288018e+00
4.330295565235207533e+00 1.019100000000000000e+04 4.901687415207534593e-01 4.495573303907016793e+01 2.141637209568554745e+00 2.133387981464320404e+00 2.091992098044562542e+00 3.654161910185028450e+00
4.437284061691221027e+00 1.089700000000000000e+04 4.704067208036099568e-01 4.500347477312249822e+01 2.101958372497684024e+00 2.094918694865161690e+00 2.059929091634897347e+00 3.577328745437330593e+00
4.544410671757686870e+00 1.130100000000000000e+04 4.511205467428521798e-01 4.404562319559437356e+01 2.037672690720214508e+00 2.031575002149878184e+00 2.001568921509031096e+00 3.469153609244876701e+00
4.651950739451500283e+00 1.202500000000000000e+04 4.318494440445290183e-01 4.320673892791630522e+01 1.972331800239824684e+00 1.967337337637295791e+00 1.943233315319723875e+00 3.351500921188484305e+00
4.759389278045521365e+00 1.242300000000000000e+04 4.170049589826554937e-01 4.302129690187353361e+01 1.935989009483326084e+00 1.931795582663224264e+00 1.912014963142243618e+00 3.281560753003320396e+00
4.866368610315570109e+00 1.302100000000000000e+04 3.871327818480536642e-01 4.113296440519705754e+01 1.819127105517843956e+00 1.815853163634220779e+00 1.800926192163563533e+00 3.059526938734383528e+00
4.972791849647571816e+00 1.340500000000000000e+04 3.829462835766471729e-01 4.188490800382700030e+01 1.831759782865838071e+00 1.829346020944411455e+00 1.819074926938325731e+00 3.088549850767885019e+00
5.079323357706112319e+00 1.424700000000000000e+04 3.629874766986384560e-01 4.034017325257767794e+01 1.742218546825073933e+00 1.741004878345103979e+00 1.737143457657050361e+00 2.930509552802152751e+00
5.186466441086331258e+00 1.471300000000000000e+04 3.488779251134505044e-01 3.999730914966127671e+01 1.702553561595763876e+00 1.702030835923143304e+00 1.701881051697346159e+00 2.853907745453266198e+00
5.293547711166813663e+00 1.548900000000000000e+04 3.339413841113169634e-01 3.963111929745352313e+01 1.660735966134668118e+00 1.661233309791886992e+00 1.666623714388429711e+00 2.781776401207910254e+00
5.400616309572492391e+00 1.591300000000000000e+04 3.212239461795872164e-01 3.917588723405248885e+01 1.616272639228197416e+00 1.617920532920692267e+00 1.629523669946409736e+00 2.702118800547876454e+00
5.507906831765741806e+00 1.687900000000000000e+04 3.171368151022549986e-01 3.945476709524473335e+01 1.619312027598878601e+00 1.621452320762546861e+00 1.635805632469025772e+00 2.718903639954186158e+00
5.615131387668133911e+00 1.719300000000000000e+04 3.042025771125156930e-01 3.888481541597172253e+01 1.568782227499008641e+00 1.571957030805366751e+00 1.591920050464806780e+00 2.620617805320693883e+00
5.722402868387595376e+00 1.815700000000000000e+04 2.904554887094030757e-01 3.812793671375938231e+01 1.518682224595485408e+00 1.522478947028618634e+00 1.545913574376653665e+00 2.530940234927951504e+00
5.828849886830424154e+00 1.833900000000000000e+04 2.803236616633935641e-01 3.752864384218248972e+01 1.477154488676005073e+00 1.481820804534192959e+00 1.509964637220897465e+00 2.459595422839746526e+00
5.935729120148100613e+00 1.957300000000000000e+04 2.690630250030471293e-01 3.704368397949481562e+01 1.438737060907813836e+00 1.444139551999526150e+00 1.476364357459776455e+00 2.392473696564426433e+00
6.042873270617307391e+00 1.994100000000000000e+04 2.612375436483307389e-01 3.651790569512447604e+01 1.406217252201559909e+00 1.412255314384275096e+00 1.448016038628197943e+00 2.339963682661450939e+00
6.149288579584974990e+00 2.062900000000000000e+04 2.512024443742231217e-01 3.614826532202793885e+01 1.372423056111404804e+00 1.379243199495576944e+00 1.419329929522793465e+00 2.280415843046667224e+00
6.256290966960967204e+00 2.165500000000000000e+04 2.431113262826407051e-01 3.580160928713582535e+01 1.340298900566964768e+00 1.347736459973077450e+00 1.391339387570152297e+00 2.215882821322309848e+00
6.363345368387389733e+00 2.211300000000000000e+04 2.338434155280694760e-01 3.525530369828582877e+01 1.300336873119350534e+00 1.308543827648141367e+00 1.356459163440886684e+00 2.142085017661510271e+00
6.470613485461905512e+00 2.318500000000000000e+04 2.261644374114658851e-01 3.546174527572519253e+01 1.287528978346507813e+00 1.296374261405437212e+00 1.347830441564525028e+00 2.113258337014929378e+00
6.577676610618644837e+00 2.366700000000000000e+04 2.200023097150949902e-01 3.487191206728684278e+01 1.257795953579717185e+00 1.267249958015409961e+00 1.322156049830413682e+00 2.071922341534406353e+00
6.684253655545307815e+00 2.438500000000000000e+04 2.095652828089741293e-01 3.391415006913470620e+01 1.208221709652498310e+00 1.217971589877165917e+00 1.274666765723247996e+00 1.981789191781020198e+00
6.791722808518531274e+00 2.574900000000000000e+04 2.032004617011080316e-01 3.351508977801112366e+01 1.181450803167422681e+00 1.191851731841848450e+00 1.252179852429166296e+00 1.939184338505693495e+00
6.898654695560852979e+00 2.567500000000000000e+04 1.976365889723729896e-01 3.317214531181859627e+01 1.156688132675284031e+00 1.167570690372397690e+00 1.230711428722196743e+00 1.893861268082609683e+00
7.005645299680876015e+00 2.740900000000000000e+04 1.911090781231193358e-01 3.309065112636992012e+01 1.136432807372082188e+00 1.148128757313841675e+00 1.215818819763503589e+00 1.858209680055617374e+00
7.112728794843756752e+00 2.740500000000000000e+04 1.827168949455384717e-01 3.222019781788363701e+01 1.091992629444858309e+00 1.103987641728739755e+00 1.173539540689852778e+00 1.776581623639277741e+00
7.219282100968514193e+00 2.871700000000000000e+04 1.764449910138038424e-01 3.162152768536818215e+01 1.061919125174036527e+00 1.074174088717141817e+00 1.145256608806028087e+00 1.725340921808254935e+00
7.326582234147168471e+00 2.959500000000000000e+04 1.737230434898180131e-01 3.153961400580547192e+01 1.048856106959896950e+00 1.061826088051910810e+00 1.136990605642614005e+00 1.705681267524701061e+00
7.433725445245632280e+00 3.030100000000000000e+04 1.669810966149060938e-01 3.101098457336911096e+01 1.018611767196148987e+00 1.032070262242562597e+00 1.110133537959210104e+00 1.656282431634324315e+00
7.540365998292284822e+00 3.110100000000000000e+04 1.616028838283397329e-01 3.053101472297135288e+01 9.922286434143487988e-01 1.005956269348658561e+00 1.085634708442176022e+00 1.608633892057358850e+00
7.647007593854525886e+00 3.202300000000000000e+04 1.582334198494881605e-01 3.083030402534454240e+01 9.873514856182596944e-01 1.001995656243394484e+00 1.086950463587832427e+00 1.600687231695720358e+00
7.753890080254511652e+00 3.297700000000000000e+04 1.524618302839728934e-01 3.021418172722401252e+01 9.549156878341570343e-01 9.699257283894648918e-01 1.057184519530454336e+00 1.543055928353241457e+00
7.861522681891408126e+00 3.444900000000000000e+04 1.488828058590335734e-01 2.983230151351432724e+01 9.375674213065723350e-01 9.526558118545463971e-01 1.040411312294162949e+00 1.514379965512098636e+00
7.968796818197422915e+00 3.454900000000000000e+04 1.448278893156683955e-01 2.955348822742223192e+01 9.186498528259466889e-01 9.343700934258070134e-01 1.025873644710525001e+00 1.488317965687455224e+00
8.075783621906728271e+00 3.611100000000000000e+04 1.395241531135744395e-01 2.943238561630679229e+01 8.989036467104288830e-01 9.152125588263990696e-01 1.010206637851063682e+00 1.448770372926055039e+00
8.182821318976927216e+00 3.654100000000000000e+04 1.360975489940053906e-01 2.917684296247131215e+01 8.831177469118786094e-01 8.997442026789741476e-01 9.966171559260366131e-01 1.422865598903026330e+00
8.289505283403951097e+00 3.771700000000000000e+04 1.319810779415567792e-01 2.890116043388688993e+01 8.645701065963823373e-01 8.814083491787796376e-01 9.796892675157788943e-01 1.386706296860028553e+00
8.396214308014592120e+00 3.861900000000000000e+04 1.288016648769311490e-01 2.862742931836951144e+01 8.473165638044887205e-01 8.647430296871617683e-01 9.665090474036970303e-01 1.363206732712202163e+00
8.503147732907603285e+00 3.966100000000000000e+04 1.251888890701383095e-01 2.827411610683537191e+01 8.285045590111146385e-01 8.461954987608114598e-01 9.496532118254360499e-01 1.331999764944638232e+00
8.609813280741079211e+00 4.054500000000000000e+04 1.212311220169547538e-01 2.789096545450027875e+01 8.081496347488669185e-01 8.260668404618525251e-01 9.310131135068253627e-01 1.296766598198708875e+00
8.716670599437357225e+00 4.181500000000000000e+04 1.176182547928576738e-01 2.779965504734684245e+01 7.950388849456061502e-01 8.133642166704936338e-01 9.208220671763864829e-01 1.272554540910918908e+00
8.824272177189678601e+00 4.312500000000000000e+04 1.158023845846647137e-01 2.751173615151899909e+01 7.828838450279391736e-01 8.014179066680697794e-01 9.102700534836495327e-01 1.256976099440973771e+00
8.931467604431746921e+00 4.368100000000000000e+04 1.119285852661700970e-01 2.734394880671186456e+01 7.653314432846793913e-01 7.844731096826105254e-01 8.969250443646166193e-01 1.226460698323194487e+00
9.038159313328566924e+00 4.462900000000000000e+04 1.084165080552685900e-01 2.712433511733044256e+01 7.502097211023918133e-01 7.694872747482827124e-01 8.829684179859175197e-01 1.196401378840928453e+00
9.145103926913346726e+00 4.622700000000000000e+04 1.059370040586905953e-01 2.675469188179391367e+01 7.335598253392308088e-01 7.530115628775342351e-01 8.676848865040687198e-01 1.169570978152091101e+00
9.252371702874153669e+00 4.690900000000000000e+04 1.032903542028146271e-01 2.657546098579555149e+01 7.214156143495760176e-01 7.411042714331640413e-01 8.573452552365562473e-01 1.148766328176590079e+00
9.359375681178327966e+00 4.823700000000000000e+04 9.997291501237315359e-02 2.615924903271916691e+01 7.023654505987173557e-01 7.221380794630049005e-01 8.391427188926410263e-01 1.116022641524609949e+00
9.465793465750969915e+00 4.858300000000000000e+04 9.729568872701210847e-02 2.607717998233350087e+01 6.907094591720304155e-01 7.108991875797903148e-01 8.303877105591441765e-01 1.094182199735936667e+00
9.572910082305408963e+00 5.099700000000000000e+04 9.550346162646000669e-02 2.602680044736899490e+01 6.837382859391243350e-01 7.042971888643669853e-01 8.261672528419047312e-01 1.086085548473636031e+00
9.680434637454967017e+00 5.139700000000000000e+04 9.284743050721488977e-02 2.556944957492417103e+01 6.640938920138005352e-01 6.847691051095756709e-01 8.075590431905043109e-01 1.052871508720833793e+00
9.787339808765013416e+00 5.248900000000000000e+04 9.060821079003182621e-02 2.554813262655558859e+01 6.565507699561813348e-01 6.775609819104065901e-01 8.024804239616245560e-01 1.040236229693893621e+00
9.894164228327143817e+00 5.378700000000000000e+04 8.814403419388384953e-02 2.528843526056106938e+01 6.421843855807777279e-01 6.633595185196423660e-01 7.894550848784154251e-01 1.014031231519623155e+00
1.000115662573597497e+01 5.491300000000000000e+04 8.585876857664744011e-02 2.507296575557282736e+01 6.300422385974920880e-01 6.514733419905857081e-01 7.792689794065789100e-01 9.956480033984803635e-01
1.010804251017453659e+01 5.597700000000000000e+04 8.380915324203509764e-02 2.481289779812865248e+01 6.164509679028030709e-01 6.380623253514210447e-01 7.672307781936767990e-01 9.723251906534988720e-01
1.021495224810368363e+01 5.741500000000000000e+04 8.184615628614698435e-02 2.475283489602123765e+01 6.090672813794931750e-01 6.308138884560248183e-01 7.610638582452072809e-01 9.573625268396985799e-01
1.032171118851497127e+01 5.810500000000000000e+04 7.950529755474435023e-02 2.427970221943605367e+01 5.921117397870923060e-01 6.138246034323397993e-01 7.440655846268733331e-01 9.311913719136666323e-01
1.042861194886108933e+01 6.003300000000000000e+04 7.737823877224220270e-02 2.423778416224068977e+01 5.835570626683682649e-01 6.056170748838968221e-01 7.381023157504069676e-01 9.161417507439171271e-01
1.053588333541564914e+01 6.094900000000000000e+04 7.577187010456346017e-02 2.400052507347456299e+01 5.730740229971034161e-01 5.952476296290913904e-01 7.287120542057592409e-01 9.007291278869782314e-01
1.064285623592383878e+01 6.223500000000000000e+04 7.349933587949171454e-02 2.392207973764469386e+01 5.638745187864697694e-01 5.863442507408469506e-01 7.218378937988304545e-01 8.852349633470351087e-01
1.074963172908667275e+01 6.322900000000000000e+04 7.194609642925767212e-02 2.375184144153067223e+01 5.541689032882004540e-01 5.767004528016437259e-01 7.127659806461826841e-01 8.656227469607807867e-01
1.085684856030880852e+01 6.513300000000000000e+04 7.024901548339612667e-02 2.363157086965459186e+01 5.443498344405376388e-01 5.671203137463760591e-01 7.048337199722775059e-01 8.472413137752725643e-01
1.096385787079884366e+01 6.570700000000000000e+04 6.892095662009664614e-02 2.348531423600654477e+01 5.366571917928446567e-01 5.595879277379874894e-01 6.985425270991457714e-01 8.366832515314935881e-01
1.107082191737946708e+01 6.756100000000000000e+04 6.791537144522970249e-02 2.337193244946622528e+01 5.301118809398522869e-01 5.533098531255280506e-01 6.939923127891191035e-01 8.297964442337305568e-01
1.117791035998506288e+01 6.850500000000000000e+04 6.579238027255865373e-02 2.302393290701975559e+01 5.168489243083347340e-01 5.399250156223652786e-01 6.802212435482803965e-01 8.064714186172216026e-01
1.128479869776746725e+01 6.994300000000000000e+04 6.442564279737868216e-02 2.287412527351861158e+01 5.096190476308138928e-01 5.328406351858894219e-01 6.741964435373504205e-01 7.974373751329468796e-01
1.139174321454733096e+01 7.109700000000000000e+04 6.275185127874416402e-02 2.259793297263896861e+01 4.982514412119153357e-01 5.214090478224658876e-01 6.627363606959898457e-01 7.766622542742296353e-01
1.149880450752246830e+01 7.302100000000000000e+04 6.148088357842165785e-02 2.243761356683571151e+01 4.892842096867027202e-01 5.125508558076247168e-01 6.547714915579531114e-01 7.600239322571216150e-01
1.160566245799083163e+01 7.331700000000000000e+04 6.025645336103503669e-02 2.243349715825419821e+01 4.838331513968897046e-01 5.074333138927906717e-01 6.519012715093377430e-01 7.521192833634127162e-01
1.171250628324384913e+01 7.579900000000000000e+04 5.856607497608777579e-02 2.219087992585730973e+01 4.737908301336153372e-01 4.973907181633245855e-01 6.421831779512603422e-01 7.360212950563135292e-01
1.181934119405252126e+01 7.602100000000000000e+04 5.745741212583042185e-02 2.207206366400557229e+01 4.670862066321019856e-01 4.907025214022116555e-01 6.357471481412441117e-01 7.219715157401938033e-01
1.192631111688620749e+01 7.875300000000000000e+04 5.642682069118759580e-02 2.203309977391443297e+01 4.622558198503822768e-01 4.861180442020394676e-01 6.328928910482810588e-01 7.163217624255069360e-01
1.203348273281565639e+01 7.929100000000000000e+04 5.488513196346037071e-02 2.184088412838636017e+01 4.535563202527511106e-01 4.773854460977903780e-01 6.242002222943929812e-01 7.000274604907835707e-01
1.214055985810916383e+01 8.112900000000000000e+04 5.374306092322155698e-02 2.149269653160861537e+01 4.428436052944088597e-01 4.665342704775310989e-01 6.129088460096643320e-01 6.840715721934879090e-01
1.224764581670525487e+01 8.244100000000000000e+04 5.296695923879596313e-02 2.169103050105166730e+01 4.420751720339992086e-01 4.662836483382175601e-01 6.158827532883703881e-01 6.830886617732989663e-01
1.235475955146996618e+01 8.394900000000000000e+04 5.159722933617303525e-02 2.138605730495123680e+01 4.321006228106921143e-01 4.561149639279042933e-01 6.049009681583878972e-01 6.656801363864871535e-01
1.246170868629520356e+01 8.512300000000000000e+04 5.055426899421664594e-02 2.117667553688000126e+01 4.237265755129400180e-01 4.477934376200365385e-01 5.971414224986111297e-01 6.531245396241619483e-01
1.256871984773144391e+01 8.692900000000000000e+04 4.926920585198485414e-02 2.107292119566440647e+01 4.172281831463242607e-01 4.413066996506075923e-01 5.910349307019880927e-01 6.398020446496816005e-01
1.267556509008165300e+01 8.778900000000000000e+04 4.842369307002519080e-02 2.082231185240653915e+01 4.088352890355740343e-01 4.329116175739358696e-01 5.828703194298413548e-01 6.282331424241073270e-01
1.278215054488526725e+01 8.962300000000000000e+04 4.728523517393930925e-02 2.068957122973768747e+01 4.028765790153269744e-01 4.270024130569248788e-01 5.775464238438148268e-01 6.200629060651327018e-01
1.288921628097667060e+01 9.134100000000000000e+04 4.654781383555453567e-02 2.073072144614931034e+01 3.997326179030604165e-01 4.240768336946783013e-01 5.761592884627035893e-01 6.132400631438622574e-01
1.299627419393003436e+01 9.284500000000000000e+04 4.537558579592972791e-02 2.037457502501528239e+01 3.897309450044281198e-01 4.137588048395940965e-01 5.643071853565617690e-01 5.956611150179724756e-01
1.310322818283827040e+01 9.408700000000000000e+04 4.455422360021447231e-02 2.051508886357774486e+01 3.871392167928766059e-01 4.116486498089603763e-01 5.653209033508331816e-01 5.912205363623616039e-01
1.321036975158216542e+01 9.633300000000000000e+04 4.377114724924521805e-02 2.035732569777551859e+01 3.814198216388715590e-01 4.059286538645487941e-01 5.599371889740396568e-01 5.836956362098433271e-01
1.331751535780655615e+01 9.724900000000000000e+04 4.295195748651729761e-02 2.026414278074881281e+01 3.759212113811836731e-01 4.005594778616515250e-01 5.556210146141071782e-01 5.755915810196182703e-01
1.342474867294321506e+01 9.950100000000000000e+04 4.191680851485301423e-02 2.019050389309348503e+01 3.706401641278812553e-01 3.953256703974871722e-01 5.509846737822737817e-01 5.652504056873829397e-01
1.353129389874869304e+01 9.928300000000000000e+04 4.110039478152177628e-02 1.991845312430045212e+01 3.632552476176379441e-01 3.877484605309712840e-01 5.425213953055804117e-01 5.540546302557952663e-01
1.363786108536308284e+01 1.025370000000000000e+05 4.006290852967357707e-02 1.973885889675250382e+01 3.568357898741762457e-01 3.812442548741196147e-01 5.357812127313560380e-01 5.433759927892894970e-01
1.374490230845374406e+01 1.034770000000000000e+05 3.948285235135062798e-02 1.974057738234185067e+01 3.536231877338291696e-01 3.782282777707565713e-01 5.341749658787642296e-01 5.383019464541756172e-01
1.385193069726773629e+01 1.057510000000000000e+05 3.873993885448712149e-02 1.953222194424217406e+01 3.465554702094566508e-01 3.710844674174298974e-01 5.268847814779699101e-01 5.266992789176812018e-01
1.395905797399066373e+01 1.068690000000000000e+05 3.802286978789184285e-02 1.946317196356988788e+01 3.426052855420106957e-01 3.671835792379102292e-01 5.235516666154919063e-01 5.204713474278190866e-01
1.406597435666659734e+01 1.086970000000000000e+05 3.720093937047589533e-02 1.929068042343982725e+01 3.365500133721460174e-01 3.610344786515426452e-01 5.171220606457259672e-01 5.098554181158067022e-01
1.417313725496801702e+01 1.105770000000000000e+05 3.658520839125199708e-02 1.914580352816889430e+01 3.308919910306273304e-01 3.553996477250809805e-01 5.119727056680666299e-01 5.017600492627746211e-01
1.428050071703563439e+01 1.125550000000000000e+05 3.613176910501013361e-02 1.920023223845254634e+01 3.293895093587441703e-01 3.541393100795478532e-01 5.123994199888372014e-01 5.006049851942019346e-01
1.438720546714719184e+01 1.125930000000000000e+05 3.532545853143376907e-02 1.907034949388449618e+01 3.235777575919460136e-01 3.483134317306941230e-01 5.069301544585110841e-01 4.905590160610954764e-01
1.449386407502666252e+01 1.155730000000000000e+05 3.455615021190726333e-02 1.890702307005366123e+01 3.180875963532704409e-01 3.426973598549073463e-01 5.007675363344225028e-01 4.801657498378386069e-01
1.460097753724270397e+01 1.172830000000000000e+05 3.407241563532312917e-02 1.881777312180434691e+01 3.144589505325386947e-01 3.391760148708158895e-01 4.981689365581938866e-01 4.779134723575372279e-01
1.470799705009661729e+01 1.185810000000000000e+05 3.334784054162753808e-02 1.874257911691972467e+01 3.099985509676199125e-01 3.346835775458365525e-01 4.937579113636563211e-01 4.676743154696321181e-01
1.481488045703888012e+01 1.206250000000000000e+05 3.257037299885239684e-02 1.857490694161299771e+01 3.048777252864020570e-01 3.294476560240982566e-01 4.880939995515882757e-01 4.597492254551397983e-01
1.492180145886275788e+01 1.219350000000000000e+05 3.220636537406368349e-02 1.858814928950951995e+01 3.024896945834982254e-01 3.272745910403484504e-01 4.875107709853306326e-01 4.573741632518126821e-01
1.502882533720598346e+01 1.244410000000000000e+05 3.165180190192883741e-02 1.853729013159869510e+01 2.990452880367642230e-01 3.238697227980088522e-01 4.846191206426648246e-01 4.510355740077409137e-01
1.513579153088184448e+01 1.255170000000000000e+05 3.097133052017441920e-02 1.843805951014202904e+01 2.949383598796454509e-01 3.197222208603772708e-01 4.804245346808965200e-01 4.434940555884089863e-01
1.524262592334979516e+01 1.273570000000000000e+05 3.049953773017744299e-02 1.818247320464459449e+01 2.890721640888070931e-01 3.136556547344980794e-01 4.733454218398843727e-01 4.357169800214943378e-01
1.534966597072623884e+01 1.298950000000000000e+05 2.981333294265088238e-02 1.808626716321779782e+01 2.843816637231895705e-01 3.089581205076576409e-01 4.690465484703439381e-01 4.275129781560080278e-01
1.545671373361776446e+01 1.307010000000000000e+05 2.931979316373299962e-02 1.799462513736131797e+01 2.808727656718565391e-01 3.054455242506051160e-01 4.657077430443513633e-01 4.223742706415454795e-01
1.556381933349416613e+01 1.339210000000000000e+05 2.880314277877296658e-02 1.788956294496977151e+01 2.769862029713508478e-01 3.015364616956964228e-01 4.620488029794458384e-01 4.170386131702082944e-01
1.567088395959713942e+01 1.341870000000000000e+05 2.833091721418574613e-02 1.786441255799678274e+01 2.741285145771039655e-01 2.987151321821083227e-01 4.596752657496283034e-01 4.105589060415213987e-01
1.577780708436944046e+01 1.371250000000000000e+05 2.788970500323018770e-02 1.768595337825913205e+01 2.699878505853367527e-01 2.944421332863562113e-01 4.548755713643872767e-01 4.060787835501368792e-01
1.588487693832633241e+01 1.384570000000000000e+05 2.744171392666347117e-02 1.765940284655766135e+01 2.669782229515744731e-01 2.914998473334118878e-01 4.526749845578346143e-01 4.003620304103394090e-01
1.599203499221735036e+01 1.409370000000000000e+05 2.694869641516547606e-02 1.760351687869200532e+01 2.636441080558433181e-01 2.882232088382020718e-01 4.500092347227039880e-01 3.951830037860071254e-01
1.609879710692920085e+01 1.413670000000000000e+05 2.661725034794367242e-02 1.743252899465470307e+01 2.594974122199416589e-01 2.839402370142172782e-01 4.451599466863419563e-01 3.895534426793850202e-01
1.620551867374789268e+01 1.443810000000000000e+05 2.594281688973741964e-02 1.733353941421695410e+01 2.552347526328405114e-01 2.795942024884526256e-01 4.406790150820094065e-01 3.807711748868505275e-01
1.631235605966610436e+01 1.455490000000000000e+05 2.562281658903711040e-02 1.736765098762082005e+01 2.543603297868506918e-01 2.788430882190107707e-01 4.408824665235722140e-01 3.798903216893150803e-01
1.641950747611966221e+01 1.491390000000000000e+05 2.511588813341557314e-02 1.720347872489771035e+01 2.498481064009896446e-01 2.741853823830246450e-01 4.355737443188594238e-01 3.723324923973805878e-01
1.652677295816955549e+01 1.496410000000000000e+05 2.461109251016022070e-02 1.698944138994152198e+01 2.450938676605043665e-01 2.691888881870880268e-01 4.293721480101560517e-01 3.650141582827270414e-01
1.663356250025421801e+01 1.518250000000000000e+05 2.437277605350740561e-02 1.708485316901182927e+01 2.440565295346897312e-01 2.684538831599571074e-01 4.307976353360462030e-01 3.640983655851761092e-01
1.674038170334767628e+01 1.534530000000000000e+05 2.399993531508571448e-02 1.690783098131985795e+01 2.400536052683751309e-01 2.642702727058988121e-01 4.257775171938057990e-01 3.583640587207387873e-01
1.684720739243814336e+01 1.558870000000000000e+05 2.359423615943803329e-02 1.686320869459356331e+01 2.375273208434584005e-01 2.617749983751591070e-01 4.237326965056412154e-01 3.546177706265907781e-01
1.695427184583386548e+01 1.581210000000000000e+05 2.316771523938285920e-02 1.669102135226352246e+01 2.334522594241694449e-01 2.574704839757954722e-01 4.182365464050393777e-01 3.466642402759720909e-01
1.706136897967529720e+01 1.598410000000000000e+05 2.283450444292984410e-02 1.675622653003185647e+01 2.324979709234619163e-01 2.567222684091386986e-01 4.190901620402910921e-01 3.460634075512350472e-01
1.716809214304061371e+01 1.611750000000000000e+05 2.242069311654030714e-02 1.664304329632051704e+01 2.287245560543873513e-01 2.529001048532972251e-01 4.152968523176888693e-01 3.404933963749787185e-01
1.727516789262027430e+01 1.646770000000000000e+05 2.215910564125426682e-02 1.657522122535859310e+01 2.262647807820552803e-01 2.503936211932513700e-01 4.128139900226129311e-01 3.363170052391001308e-01
1.738239824792643518e+01 1.660570000000000000e+05 2.180321357468328197e-02 1.659438078210772716e+01 2.244320431565093310e-01 2.487070431559142702e-01 4.123457216654156099e-01 3.339252431948571687e-01
1.748933950850145180e+01 1.677030000000000000e+05 2.150352907540299327e-02 1.653572775265852712e+01 2.221129971382691248e-01 2.463662565356541934e-01 4.101296371103151372e-01 3.302533355345063093e-01
1.759634506328283621e+01 1.702690000000000000e+05 2.112039507113299547e-02 1.648354547433736528e+01 2.194140708209394719e-01 2.436498328698110394e-01 4.076224478283305142e-01 3.251006337110761146e-01
1.770340465606037483e+01 1.722570000000000000e+05 2.076145210718170417e-02 1.633072803937122686e+01 2.159405713002748306e-01 2.400367563939148075e-01 4.034032374944889199e-01 3.207469210229486056e-01
1.781031173980958826e+01 1.736530000000000000e+05 2.048089398156009017e-02 1.630152021785161764e+01 2.141439251316496206e-01 2.382508649802257961e-01 4.019415471959147390e-01 3.178239924052315146e-01
1.791716850305598285e+01 1.766190000000000000e+05 2.025016073735708480e-02 1.616295200037983548e+01 2.111780178831321741e-01 2.351432500084000288e-01 3.982414769036063951e-01 3.141087050267947212e-01
1.802403898799025583e+01 1.775650000000000000e+05 1.992293161972388121e-02 1.619310343039148492e+01 2.095708781218205141e-01 2.336641684444504263e-01 3.978678380084474941e-01 3.111440974325249686e-01
1.813101776169002122e+01 1.812850000000000000e+05 1.962485024252886776e-02 1.608443910632244922e+01 2.068422120369066974e-01 2.308312726818628202e-01 3.946582958507428573e-01 3.073026218200232695e-01
1.823814662712345225e+01 1.825470000000000000e+05 1.930531628216214032e-02 1.594517157917538874e+01 2.030466284338484362e-01 2.269162753685539380e-01 3.903901148070532123e-01 3.015344541215002061e-01
1.834518742197989383e+01 1.849930000000000000e+05 1.903550194844658497e-02 1.596389677662283901e+01 2.020985833625810746e-01 2.260540098207380610e-01 3.903128518650104128e-01 3.005511106892576056e-01
1.845211755479135007e+01 1.867770000000000000e+05 1.879213009508908308e-02 1.587016103498584307e+01 1.997392115910869848e-01 2.236118898179274284e-01 3.876014246977089184e-01 2.974346130785968656e-01
1.855908909866470680e+01 1.890730000000000000e+05 1.859893341741947898e-02 1.578211167795613257e+01 1.975875143997759542e-01 2.213798655922241676e-01 3.849974616428711305e-01 2.941572177826778378e-01
1.866603405389846415e+01 1.914910000000000000e+05 1.822200090081483453e-02 1.582241642237394430e+01 1.963172831986185474e-01 2.202380473227694424e-01 3.849059091820647982e-01 2.917187156371596757e-01
1.877314626423666510e+01 1.938450000000000000e+05 1.793928996335866430e-02 1.567174230564255311e+01 1.929841677945898226e-01 2.167159290806284777e-01 3.805662619141311764e-01 2.864496168326765013e-01
1.888009587618607910e+01 1.951810000000000000e+05 1.775253562823705250e-02 1.572955770231401473e+01 1.918010403831617861e-01 2.156983541205019783e-01 3.809653697845277187e-01 2.840752471471453267e-01
1.898671291042726494e+01 1.973190000000000000e+05 1.747874193995548053e-02 1.562776054816159821e+01 1.895533557305354444e-01 2.133514233468264132e-01 3.781764157598597187e-01 2.813740739135069946e-01
1.909357371342158416e+01 2.002330000000000000e+05 1.726799533957953242e-02 1.558773490028984554e+01 1.874433074970108803e-01 2.112607846290169566e-01 3.765705734408083538e-01 2.784948558364936932e-01
1.920066856009553646e+01 2.030370000000000000e+05 1.698929211850672832e-02 1.553494420092816419e+01 1.854041340051266751e-01 2.091728221207160010e-01 3.744944668605065807e-01 2.748755794980748401e-01
1.930787462485590211e+01 2.048710000000000000e+05 1.678512765458717651e-02 1.546807289484630310e+01 1.833369791410041361e-01 2.070695039434284901e-01 3.723386065349070795e-01 2.718171941559756055e-01
1.941469793592326099e+01 2.062210000000000000e+05 1.657864578454859225e-02 1.545336530098330208e+01 1.819800017167710893e-01 2.057537010802002742e-01 3.715581912776699247e-01 2.703623884406786138e-01
1.952153203553818983e+01 2.095290000000000000e+05 1.632754676171987995e-02 1.540471155661762204e+01 1.802947240886546565e-01 2.040108686313545361e-01 3.698024951528712800e-01 2.676711338599407353e-01
1.962884457170453345e+01 2.125450000000000000e+05 1.614903565760958046e-02 1.533730354057257017e+01 1.781438131079279286e-01 2.018266415713214912e-01 3.676985689547735414e-01 2.647938431422333094e-01
1.973587212790712897e+01 2.132070000000000000e+05 1.589837435379939934e-02 1.522269280436550609e+01 1.756446936422325911e-01 1.991645074770642676e-01 3.642279824579215952e-01 2.601846276483884557e-01
1.984278598054912734e+01 2.165770000000000000e+05 1.574869188274025111e-02 1.521875733223438232e+01 1.744049725777000182e-01 1.980106812787247039e-01 3.639239359036485211e-01 2.596900288371083998e-01
1.994977711362870210e+01 2.181930000000000000e+05 1.548463902378607870e-02 1.518202271093123557e+01 1.726676018803526280e-01 1.962544860058519636e-01 3.623115189063397246e-01 2.566857659395847535e-01
2.005693859450841998e+01 2.221510000000000000e+05 1.533177940715184547e-02 1.519197784764421399e+01 1.714215008948380969e-01 1.950809248064347967e-01 3.619762306868591906e-01 2.549567182227643336e-01
2.016385930389559533e+01 2.216410000000000000e+05 1.504965758554628608e-02 1.500940599176390933e+01 1.683728962803477114e-01 1.917608799421879617e-01 3.571303747794900563e-01 2.501159991761282564e-01
2.027055477535684247e+01 2.261730000000000000e+05 1.485584788805919230e-02 1.500687843900361074e+01 1.669523734501040801e-01 1.903729813084385769e-01 3.562541578586503332e-01 2.472432391892136205e-01
2.037743034556589450e+01 2.269810000000000000e+05 1.468191243028296906e-02 1.492650338688076950e+01 1.652173411679527248e-01 1.885608046221358691e-01 3.541536610065513235e-01 2.454052147073872703e-01
2.048450684456285487e+01 2.319030000000000000e+05 1.451277408897978273e-02 1.491167221915084262e+01 1.639005293199066460e-01 1.872500194383286409e-01 3.531824657094655429e-01 2.430425730860111821e-01
2.059151351667688701e+01 2.314930000000000000e+05 1.438557719991254494e-02 1.490930758398575939e+01 1.629732063608426429e-01 1.863826951912455898e-01 3.529874114883391201e-01 2.428096900633727184e-01
2.069838042282887969e+01 2.360410000000000000e+05 1.417884856494601095e-02 1.488887798061220202e+01 1.612047904290810907e-01 1.846519344410925689e-01 3.518620265749822229e-01 2.403653964164667034e-01
2.080539707174233754e+01 2.372310000000000000e+05 1.402222042062326035e-02 1.484589469907518122e+01 1.595648811021405100e-01 1.829458113839853295e-01 3.500518770294718252e-01 2.366963130530477244e-01
2.091249898788266393e+01 2.409250000000000000e+05 1.387833861467999141e-02 1.480787302810420236e+01 1.583821825951434170e-01 1.817522362942166902e-01 3.489860084222750070e-01 2.357156893103624362e-01
2.101962658632239922e+01 2.427690000000000000e+05 1.371524812545817443e-02 1.479480208801928143e+01 1.570675992228397488e-01 1.804756018705211684e-01 3.482617245432962361e-01 2.342300956643665333e-01
2.112636074798455965e+01 2.437570000000000000e+05 1.356154194316559584e-02 1.476218218627829337e+01 1.557955631800099494e-01 1.791655644112059853e-01 3.469752408719270487e-01 2.319207013161270203e-01
2.123315162618531815e+01 2.479830000000000000e+05 1.335189788859465071e-02 1.466948216821348261e+01 1.537972429979895250e-01 1.770477013310522985e-01 3.443329312163966316e-01 2.289062608501513107e-01
2.134024944506215249e+01 2.502730000000000000e+05 1.322769689768305348e-02 1.462807289576817027e+01 1.523275569491992221e-01 1.755414286694007009e-01 3.429288122661657834e-01 2.267151271747948338e-01
2.144724292060796955e+01 2.523730000000000000e+05 1.307768615249200669e-02 1.461900965180268130e+01 1.511011833406485927e-01 1.743503959810070725e-01 3.422200867020103732e-01 2.249329104896214127e-01
2.155419722633348556e+01 2.554470000000000000e+05 1.287224382597733190e-02 1.456051685395123130e+01 1.491804419752946753e-01 1.723593501829710495e-01 3.401896612465593606e-01 2.217338860511759158e-01
2.166118480077623687e+01 2.570890000000000000e+05 1.276546851374721521e-02 1.451590572413671332e+01 1.479284736152596813e-01 1.710783317098806544e-01 3.389120482746887930e-01 2.202762756169240888e-01
2.176823572936166329e+01 2.612370000000000000e+05 1.263216224213901950e-02 1.449155068678133773e+01 1.467277882353179019e-01 1.698534248988810280e-01 3.378430712112986400e-01 2.181544007228240212e-01
2.187519416603142020e+01 2.616670000000000000e+05 1.248121028372757915e-02 1.453276749084880137e+01 1.463405864435403381e-01 1.695438041673115459e-01 3.382771870028247196e-01 2.171455274050439199e-01
2.198226151601886258e+01 2.668890000000000000e+05 1.233696423841631681e-02 1.451666409634066746e+01 1.449405709476606352e-01 1.681810927896341956e-01 3.374662913611294335e-01 2.154804075217639503e-01
2.208935398084704360e+01 2.670490000000000000e+05 1.221749048430031438e-02 1.452141398327009014e+01 1.441481877223215469e-01 1.674223446011624539e-01 3.372012898562940508e-01 2.143595314608686409e-01
2.219620459416032787e+01 2.705770000000000000e+05 1.210551268380293151e-02 1.447063255954062200e+01 1.426956222108099193e-01 1.659189361021556619e-01 3.356856930539931505e-01 2.124131381258484441e-01
2.230304491199040484e+01 2.726430000000000000e+05 1.196119096533262635e-02 1.449123722219505161e+01 1.419882466447937031e-01 1.652848527671440804e-01 3.357762103311037194e-01 2.115923310519518263e-01
2.241003213563937280e+01 2.762050000000000000e+05 1.182750121928496587e-02 1.443206141521546648e+01 1.405748435787275430e-01 1.637780759252544516e-01 3.339575362598909969e-01 2.091135114151340957e-01
2.251703958431228969e+01 2.781690000000000000e+05 1.171028407836052256e-02 1.436054225199883128e+01 1.388260272738913170e-01 1.619365239429251258e-01 3.318630489011094586e-01 2.064140966018242762e-01
2.262393499808562680e+01 2.808190000000000000e+05 1.161874572249570192e-02 1.441466781521520346e+01 1.385402601186719040e-01 1.617745628799134028e-01 3.327512385441447895e-01 2.060924208669422664e-01
2.273084029337512035e+01 2.836290000000000000e+05 1.148870176696167519e-02 1.438016525451373084e+01 1.370987915159330717e-01 1.603102850827580472e-01 3.315008069505115396e-01 2.040114890938554970e-01
2.283802477850753831e+01 2.877370000000000000e+05 1.142816635556788592e-02 1.433546843501371981e+01 1.359718953337565039e-01 1.591550830181815424e-01 3.303749415570741421e-01 2.030538050327771460e-01
2.294511802372137765e+01 2.882290000000000000e+05 1.128423573810399469e-02 1.436748381592301627e+01 1.353186164756121912e-01 1.585806952273301484e-01 3.306684478928713089e-01 2.021698693871026298e-01
2.305187705853158420e+01 2.915190000000000000e+05 1.115144224262649281e-02 1.431111997952079484e+01 1.338026233944745735e-01 1.569809261133977563e-01 3.288220253513236546e-01 1.993463727114707373e-01
2.315881141211183447e+01 2.946970000000000000e+05 1.109123128486423117e-02 1.431296110120930187e+01 1.330829496774280363e-01 1.563175342749570929e-01 3.288372722741649268e-01 1.994506995065103150e-01
2.326578080070610710e+01 2.968170000000000000e+05 1.098730561975402170e-02 1.430114224745626750e+01 1.321833143707539238e-01 1.553958716068486179e-01 3.280302939443276444e-01 1.973328974935043278e-01
2.337279675037724402e+01 3.007390000000000000e+05 1.084833294172419041e-02 1.428286880995191588e+01 1.310663118451206588e-01 1.542657927927033046e-01 3.271794826986867966e-01 1.956575885610981891e-01
2.347977971278523412e+01 3.019210000000000000e+05 1.077355495929411579e-02 1.426418441650698021e+01 1.301117874668141772e-01 1.533036862100102815e-01 3.264036865219067662e-01 1.941299971259393409e-01
2.358659786932328828e+01 3.054570000000000000e+05 1.069445805603804443e-02 1.432763018260913235e+01 1.299164108277758023e-01 1.532384646491775360e-01 3.275046402427291281e-01 1.939161811197017415e-01
2.369366935531745710e+01 3.088390000000000000e+05 1.061772966571323390e-02 1.433314498561252748e+01 1.290624903999720019e-01 1.524326948602091891e-01 3.274159901064064848e-01 1.933412945543970807e-01
2.380068527426420388e+01 3.106410000000000000e+05 1.050766280403549191e-02 1.432363384767838355e+01 1.282026719458009556e-01 1.515730669306911971e-01 3.268335287496531572e-01 1.920006419122880226e-01
2.390766070349687666e+01 3.144850000000000000e+05 1.043795372371202068e-02 1.435770899044188553e+01 1.275511464181428856e-01 1.510094111272462514e-01 3.272143406976601443e-01 1.910867616083009590e-01
2.401469510913376837e+01 3.161130000000000000e+05 1.035207051224147981e-02 1.436673387728364837e+01 1.269549432452725390e-01 1.504307771971926111e-01 3.269683366874607255e-01 1.895982960975912679e-01
2.412166410449781750e+01 3.202750000000000000e+05 1.027967134938810763e-02 1.438925600523992188e+01 1.263523989472662701e-01 1.498966673659954119e-01 3.272218969779051023e-01 1.890842005230262690e-01
2.422858695491159509e+01 3.211090000000000000e+05 1.018524507363615175e-02 1.436158535965114602e+01 1.252588045380703674e-01 1.487819872953623501e-01 3.263196913702871016e-01 1.878071427861104092e-01
2.433549755307014806e+01 3.261210000000000000e+05 1.009206572162233036e-02 1.433893150540958494e+01 1.241233998620543122e-01 1.476287453596507038e-01 3.253107270577620391e-01 1.856757978177799584e-01
2.444256983223021251e+01 3.277270000000000000e+05 1.004988326467362580e-02 1.439122995365011626e+01 1.240444232999653451e-01 1.476505348980396426e-01 3.263040211076038699e-01 1.857879860880591594e-01
2.454966048626787156e+01 3.318210000000000000e+05 9.976667931480437748e-03 1.445071584054327829e+01 1.235056193988386120e-01 1.472401783734257619e-01 3.271594477835557124e-01 1.848419887509963333e-01
2.465651868329693386e+01 3.324970000000000000e+05 9.942495541665636802e-03 1.449341790545227582e+01 1.230729836814547368e-01 1.469080481908992264e-01 3.279110314151112981e-01 1.846830774565003941e-01
2.476341322929357247e+01 3.373530000000000000e+05 9.892177334115575746e-03 1.451118867692111891e+01 1.229094213546843839e-01 1.467673037405554104e-01 3.280767138311682651e-01 1.841117894220851980e-01
2.487044889655140167e+01 3.395590000000000000e+05 9.783152478975988900e-03 1.448378880946945380e+01 1.217745642539139472e-01 1.456087522255543609e-01 3.271459824131939809e-01 1.827387718712999432e-01
2.497755394188342848e+01 3.433090000000000000e+05 9.718320213088212783e-03 1.452642633799527516e+01 1.214994077634666270e-01 1.454190577171612375e-01 3.277691478485112997e-01 1.821413505908223429e-01
2.508451426274336171e+01 3.447570000000000000e+05 9.709429534727913313e-03 1.455099638257172145e+01 1.211200101270210605e-01 1.451030184795875921e-01 3.282305187846735750e-01 1.821377812883625547e-01
2.519138114610794688e+01 3.487030000000000000e+05 9.621792991013735155e-03 1.460126976582102998e+01 1.206616489292841182e-01 1.447156465737734210e-01 3.287337152131471485e-01 1.804957384291291100e-01
2.529840334964740833e+01 3.512610000000000000e+05 9.571844598668482335e-03 1.459494038529031634e+01 1.198790867573812924e-01 1.439524953105729699e-01 3.284516477778879340e-01 1.799741551562768493e-01
2.540527721097442537e+01 3.540610000000000000e+05 9.530651560735309974e-03 1.466100347635634726e+01 1.197342775615789362e-01 1.439384933904562236e-01 3.296112666063552021e-01 1.796787256897866558e-01
2.551200454590001243e+01 3.561150000000000000e+05 9.477801922407054491e-03 1.457848909374049207e+01 1.184299847157383734e-01 1.424941883232687945e-01 3.275052096504249555e-01 1.776110459678528208e-01
2.561897741630058434e+01 3.616690000000000000e+05 9.425689304108605601e-03 1.467613907200259504e+01 1.185890815628367206e-01 1.428328505730330211e-01 3.293654857467724906e-01 1.777610235876988798e-01
2.572606874958264456e+01 3.628930000000000000e+05 9.416569906348915692e-03 1.471510107253463140e+01 1.183432531480849981e-01 1.426808894916122006e-01 3.301524974130072843e-01 1.779724631058875739e-01
2.583308182314820201e+01 3.671010000000000000e+05 9.375643150436138717e-03 1.476259394531896518e+01 1.179912078382975016e-01 1.424107053555016267e-01 3.308291257649023653e-01 1.771359033306934283e-01
2.594011690822357608e+01 3.694390000000000000e+05 9.350251525837958641e-03 1.476789023261102152e+01 1.174035489038906532e-01 1.418627421547257739e-01 3.308318155362943713e-01 1.768019840444845781e-01
2.604719504548548770e+01 3.732570000000000000e+05 9.284153566229833704e-03 1.477401174119751026e+01 1.168319427808568456e-01 1.412813446505857551e-01 3.305796327305670079e-01 1.754585139562722940e-01
2.615431874932970757e+01 3.759490000000000000e+05 9.281890781001144938e-03 1.488110840907436661e+01 1.171467209783865621e-01 1.418234857463756549e-01 3.329999104287797440e-01 1.770478382940348927e-01
2.626124497453815110e+01 3.780430000000000000e+05 9.257655962177662248e-03 1.495452099502034571e+01 1.169701339481330760e-01 1.417821612932472775e-01 3.342981692640570879e-01 1.766928017288643682e-01
2.636804695875522953e+01 3.811170000000000000e+05 9.215659744423508257e-03 1.496973807221463382e+01 1.165404281392885127e-01 1.413721939161276808e-01 3.343299535249718568e-01 1.757378509943606504e-01
2.647511900021435238e+01 3.864490000000000000e+05 9.193841523201217933e-03 1.503679050865839706e+01 1.163617098056570487e-01 1.413088512827023191e-01 3.353809815272095207e-01 1.748466400183129321e-01
2.658210844405028439e+01 3.863970000000000000e+05 9.158025914057149608e-03 1.507465300903836258e+01 1.161686159549387004e-01 1.411773975143980620e-01 3.360380811654851696e-01 1.746838716874977993e-01
2.668888577304229415e+01 3.913150000000000000e+05 9.181607839605159319e-03 1.516332055137156587e+01 1.162447069118732051e-01 1.414446522342456825e-01 3.379675092462071651e-01 1.756079529616890178e-01
2.679588068537051271e+01 3.943050000000000000e+05 9.158896526417603656e-03 1.523554586600241301e+01 1.161633790811237160e-01 1.414854240700028909e-01 3.392721973443818539e-01 1.753703079623426808e-01
2.690296534456482291e+01 3.980770000000000000e+05 9.138583377199471780e-03 1.525204885725424120e+01 1.159839885885802502e-01 1.413404019996897243e-01 3.395827298436663311e-01 1.754153510365724644e-01
2.700991381018056003e+01 3.999190000000000000e+05 9.147309728134855530e-03 1.536111388364035335e+01 1.161758312278372146e-01 1.417316960191995767e-01 3.417380021500943110e-01 1.756996880408256689e-01
2.711673922973363915e+01 4.031130000000000000e+05 9.145769119664555816e-03 1.543157550886886220e+01 1.162132356617412432e-01 1.418814144575793468e-01 3.430310263075012633e-01 1.754883475561155037e-01
2.722376556647355628e+01 4.082290000000000000e+05 9.113158952807499241e-03 1.549952147745524123e+01 1.162452070819582906e-01 1.420407758230204653e-01 3.444106699511330083e-01 1.759393134942256187e-01
2.733094986305560781e+01 4.103130000000000000e+05 9.135805827627515446e-03 1.558828567530786025e+01 1.163123843898239002e-01 1.422597272178996175e-01 3.461080985028137103e-01 1.758842207928609236e-01
2.743782654314035696e+01 4.102750000000000000e+05 9.115259597847723272e-03 1.566713634985846326e+01 1.164758484076133110e-01 1.425701214215127355e-01 3.477129810855816849e-01 1.763696400927398100e-01
2.754469927789871875e+01 4.093020000000000000e+05 9.003371486413029243e-03 1.559090297195773545e+01 1.154987900745436114e-01 1.414777314558323673e-01 3.459159056311252312e-01 1.752804582146309242e-01
2.765171059954194277e+01 4.077820000000000000e+05 8.890984582466258598e-03 1.557392014395906621e+01 1.146347346473543666e-01 1.405786841786218211e-01 3.450506578569487726e-01 1.733581555579014888e-01
2.775865094767602059e+01 4.058980000000000000e+05 8.823189867380362358e-03 1.555863945232287016e+01 1.140364817102741818e-01 1.399664732913452891e-01 3.446208784946331871e-01 1.729892150243945714e-01
2.786563888885375562e+01 4.043220000000000000e+05 8.742197653604188295e-03 1.556461874167703385e+01 1.134525023518542647e-01 1.393906488348286843e-01 3.443680510987270904e-01 1.717008987542835152e-01
2.797258809051328043e+01 4.026280000000000000e+05 8.684471040432252195e-03 1.554930761524125593e+01 1.128742502493619848e-01 1.388101559007098862e-01 3.440098426814063304e-01 1.716035697501290536e-01
2.807947005922181205e+01 3.997920000000000000e+05 8.592742841569441306e-03 1.553451055838190520e+01 1.122209409420548420e-01 1.381302584201084260e-01 3.433462269146837498e-01 1.702884731032429655e-01
2.818645801939030093e+01 4.002640000000000000e+05 8.505101970330337935e-03 1.556762441689961385e+01 1.115648208946432157e-01 1.375369038388299381e-01 3.436302542037522612e-01 1.691010930978031901e-01
2.829347763495123047e+01 3.963360000000000000e+05 8.443163614183032614e-03 1.560381823131118040e+01 1.113142572300539895e-01 1.373691774801404364e-01 3.442978626167156331e-01 1.691976745671161519e-01
2.840056427118414106e+01 3.969640000000000000e+05 8.375258534951872738e-03 1.558002665358113603e+01 1.107337444241845437e-01 1.367447068643347918e-01 3.435947153945744792e-01 1.683630256950878756e-01
2.850750376403770758e+01 3.918340000000000000e+05 8.279202483175878910e-03 1.554027483703261581e+01 1.097143728388271511e-01 1.356546850313615493e-01 3.423640523326739182e-01 1.666797461226375843e-01
2.861428157655182147e+01 3.917040000000000000e+05 8.236230018049161758e-03 1.559538070707854196e+01 1.094880895012687455e-01 1.355403127381534789e-01 3.434200609838228835e-01 1.668328079735958702e-01
2.872138191204690116e+01 3.907360000000000000e+05 8.150336646091747156e-03 1.557835520279359010e+01 1.090314097719197600e-01 1.350569268836297743e-01 3.427779791401073251e-01 1.657685256826585407e-01
2.882855984668122318e+01 3.882660000000000000e+05 8.114743145057909043e-03 1.558389173694206242e+01 1.086276403969371473e-01 1.346670917172132220e-01 3.427396394114000100e-01 1.652748660222781996e-01
2.893536043369637412e+01 3.839200000000000000e+05 8.030245813309954198e-03 1.556805329273348626e+01 1.079895136938982259e-01 1.339871652591016760e-01 3.420400572127251793e-01 1.638696104791833585e-01
2.904229701935999586e+01 3.856120000000000000e+05 8.008305452565226898e-03 1.557009353522379413e+01 1.074975616811052470e-01 1.335344821615498390e-01 3.421089809395077563e-01 1.640640272465486715e-01
2.914938309022399920e+01 3.807900000000000000e+05 7.926520983097444864e-03 1.554367342316812994e+01 1.068616348956496764e-01 1.328292245277772621e-01 3.412180593621699232e-01 1.626947040639289688e-01
2.925636243541994830e+01 3.809500000000000000e+05 7.884443423706656226e-03 1.558943365617016497e+01 1.064038288202245747e-01 1.324819135334785736e-01 3.420116991465157463e-01 1.624920108250120787e-01
2.936333154490730024e+01 3.765360000000000000e+05 7.827951849403387563e-03 1.561769672442748202e+01 1.060062404410807013e-01 1.321178957642002993e-01 3.422870035545482748e-01 1.615595480607396606e-01
2.947018847214326343e+01 3.758500000000000000e+05 7.823042818631220641e-03 1.563418178655662238e+01 1.057894518359878827e-01 1.319477268497330491e-01 3.426157724361978407e-01 1.616345613028710715e-01
2.957730027014991947e+01 3.745800000000000000e+05 7.730865748156946077e-03 1.565656640975576686e+01 1.051664024313997692e-01 1.313580367908747382e-01 3.426871775220809990e-01 1.604281732530494775e-01
2.968421628701339898e+01 3.697240000000000000e+05 7.679775758347042076e-03 1.564321456253760445e+01 1.047662816902069222e-01 1.309350854132810549e-01 3.422994403263834862e-01 1.600291143430833951e-01
2.979095801801812371e+01 3.694540000000000000e+05 7.614822764673140169e-03 1.566524063929976762e+01 1.043001865091596758e-01 1.304873445512405306e-01 3.423565700461774775e-01 1.587065789991706222e-01
2.989799880528397580e+01 3.672900000000000000e+05 7.610886972440718094e-03 1.567692727173378131e+01 1.040165396222240135e-01 1.302551301431745245e-01 3.427717335569136492e-01 1.595259230498596581e-01
3.000504072386904397e+01 3.649120000000000000e+05 7.531037930723043748e-03 1.564294232714305366e+01 1.030845050831678406e-01 1.292479744843905709e-01 3.415293439617558824e-01 1.572806981467050613e-01
3.011200816723746243e+01 3.627360000000000000e+05 7.501463324557458914e-03 1.569717488754415768e+01 1.030731678163133852e-01 1.293293019451446646e-01 3.425402352315304322e-01 1.572724614114721642e-01
3.021897912669843933e+01 3.599260000000000000e+05 7.461657852283330727e-03 1.571969205772741063e+01 1.024000510853753515e-01 1.287063799963027444e-01 3.427245851356751638e-01 1.563664125318678100e-01
3.032601314320543295e+01 3.591180000000000000e+05 7.423826932582087632e-03 1.569822052317375594e+01 1.020292358526637549e-01 1.282898692672290730e-01 3.421816839952592226e-01 1.559250262776793183e-01
3.043296633829338660e+01 3.543400000000000000e+05 7.415459068771270042e-03 1.572769675822901547e+01 1.018634013982620823e-01 1.281937284855899639e-01 3.427989780487075699e-01 1.561815016247635746e-01
3.053990963663909142e+01 3.547300000000000000e+05 7.383040412451538637e-03 1.575721604219910787e+01 1.014342108740741016e-01 1.278208746187334544e-01 3.432127607045850071e-01 1.556548490077874769e-01
3.064683394785301473e+01 3.494820000000000000e+05 7.350964322108940845e-03 1.577879958552051853e+01 1.011478809839162357e-01 1.275673278091242757e-01 3.435059378134554531e-01 1.552565615703516977e-01
3.075380529441276423e+01 3.499900000000000000e+05 7.314207238157747516e-03 1.577916984353193186e+01 1.007338670951923726e-01 1.271637104335452406e-01 3.434593791456851397e-01 1.551460234244031178e-01
3.086078359061859189e+01 3.451500000000000000e+05 7.292678327699364527e-03 1.582563685253163221e+01 1.005076228492363527e-01 1.270193475060879540e-01 3.442571932324050010e-01 1.548401155009808128e-01
3.096768562492325927e+01 3.441700000000000000e+05 7.198804626508969323e-03 1.582267650540557824e+01 9.969476389352661949e-02 1.261822323282210945e-01 3.436783941203797044e-01 1.529393642394218100e-01
3.107468549701471261e+01 3.414340000000000000e+05 7.194749905876934512e-03 1.587828856810595823e+01 9.969378837254061487e-02 1.262782429051832189e-01 3.447847466000267258e-01 1.531418848632018770e-01
3.118169074251188988e+01 3.388500000000000000e+05 7.167364918513122185e-03 1.598065827017235740e+01 9.982004130956516341e-02 1.265896410241290071e-01 3.467728049031822413e-01 1.533731539708046987e-01
3.128872219778712349e+01 3.366040000000000000e+05 7.151080129404132138e-03 1.596924457496075789e+01 9.930227411811030913e-02 1.260448081087036931e-01 3.463569011060795844e-01 1.525919075216115584e-01
3.139574163955110109e+01 3.339600000000000000e+05 7.133123392727825848e-03 1.597420346122414081e+01 9.886494301293888287e-02 1.256120047919095928e-01 3.463290707632493137e-01 1.521336547879167667e-01
3.150266707337630834e+01 3.307600000000000000e+05 7.099702800232940078e-03 1.606335622903058891e+01 9.885399648297389652e-02 1.257653037648442662e-01 3.480379205334876436e-01 1.522703000856950872e-01
3.160964918434159188e+01 3.291900000000000000e+05 7.066831515712564647e-03 1.603577513325242165e+01 9.829812885670284606e-02 1.251595430546846854e-01 3.472887740372838650e-01 1.514368498409348895e-01
3.171661474212661247e+01 3.253720000000000000e+05 7.037205481699674442e-03 1.606378316292946806e+01 9.790090269242295029e-02 1.248016667445898398e-01 3.475731500988095690e-01 1.504791146325635542e-01
3.182350537181992323e+01 3.236140000000000000e+05 7.022365567593436692e-03 1.611220603754329872e+01 9.804885063940683987e-02 1.250223299322372195e-01 3.486446946645247458e-01 1.511452153420900502e-01
3.193052051066148067e+01 3.208740000000000000e+05 6.999736821325289356e-03 1.613744368181064459e+01 9.754550362545018338e-02 1.245740590024767280e-01 3.489719954302876181e-01 1.505679364028182921e-01
3.203755977552566492e+01 3.180760000000000000e+05 6.976218943890348870e-03 1.613696814907680377e+01 9.714502869024836673e-02 1.241725284342858338e-01 3.488314644182248792e-01 1.500892091166861064e-01
3.214452475314409696e+01 3.153660000000000000e+05 6.981258217701343666e-03 1.621460027895577127e+01 9.729159947121257535e-02 1.244510863254762040e-01 3.504010912568631397e-01 1.504443940670307234e-01
3.225135036081964302e+01 3.116620000000000000e+05 6.953004581907634533e-03 1.625106888506472558e+01 9.688998076018323635e-02 1.241077581478064185e-01 3.509132452132293079e-01 1.497609914993589808e-01
3.235836140406364336e+01 3.110280000000000000e+05 6.951123673384626729e-03 1.628905940556740362e+01 9.671135540943227860e-02 1.239934971100200706e-01 3.515939568882485711e-01 1.495812631976445040e-01
3.246545492563989654e+01 3.064960000000000000e+05 6.910510336216963909e-03 1.633150104754297871e+01 9.646883022615085346e-02 1.238263443560685267e-01 3.523339845618571609e-01 1.494147865196072955e-01
3.257226770926305193e+01 3.036940000000000000e+05 6.903995677703347010e-03 1.637998936495543134e+01 9.639419788500314112e-02 1.238164758703020341e-01 3.530902967847985852e-01 1.487257550371891834e-01
3.267918502580098306e+01 3.019080000000000000e+05 6.914402625231071825e-03 1.643076814938688557e+01 9.650730755982009357e-02 1.240302930589497199e-01 3.542433992997678360e-01 1.494668250915049679e-01
3.278623603451405444e+01 2.981560000000000000e+05 6.921384326218204402e-03 1.656042298209322539e+01 9.655423908499723151e-02 1.243097090083611217e-01 3.568007188008285868e-01 1.497951142087436682e-01
3.289340508285702214e+01 2.972040000000000000e+05 6.894102307717284855e-03 1.658052576191709804e+01 9.644500568743659408e-02 1.242204726143680826e-01 3.571206337251506824e-01 1.496128256088496145e-01
3.300025059755746071e+01 2.903800000000000000e+05 6.873919557966165494e-03 1.668466907299860580e+01 9.625542747890757089e-02 1.241820266680546542e-01 3.588949728139275153e-01 1.487819154083646345e-01
3.310695605530747798e+01 2.906340000000000000e+05 6.855670011293700690e-03 1.664133927261701373e+01 9.563526142815095832e-02 1.234893605899322067e-01 3.578556267930158574e-01 1.479461287389625124e-01
3.321401904933838267e+01 2.865940000000000000e+05 6.884444465986830700e-03 1.674581104935823461e+01 9.590140010138815951e-02 1.239356708351628394e-01 3.600579376076732396e-01 1.487335648971074287e-01
3.332112772235213072e+01 2.843980000000000000e+05 6.865306759818222068e-03 1.677767655906112410e+01 9.557992400771636587e-02 1.236437644725747742e-01 3.604024229489969922e-01 1.476864291800211726e-01
3.342816342641506822e+01 2.808840000000000000e+05 6.886165222703363210e-03 1.685863656085103912e+01 9.566314686485415109e-02 1.238756442064238988e-01 3.621388795020441531e-01 1.484262285207650911e-01
3.353508444474211814e+01 2.772460000000000000e+05 6.858425139129166112e-03 1.686391398596494184e+01 9.525327699732528963e-02 1.234708121214371929e-01 3.621988371239691085e-01 1.483416574934571519e-01
3.364210443563371200e+01 2.754660000000000000e+05 6.872991829053614991e-03 1.698273861804075580e+01 9.573960447052357048e-02 1.241181090825735356e-01 3.643315635581875767e-01 1.477309834845431935e-01
3.374921255599115000e+01 2.715280000000000000e+05 6.882884798100416188e-03 1.706691667750303054e+01 9.563007591978370248e-02 1.241641588157107179e-01 3.660272241014573269e-01 1.480757700659923182e-01
3.385611450482955576e+01 2.680480000000000000e+05 6.879707658235719933e-03 1.715854847637619685e+01 9.588643306929930943e-02 1.245731405539817344e-01 3.678962374146061420e-01 1.485920609618134047e-01
3.396296696952051519e+01 2.654580000000000000e+05 6.874122935723997289e-03 1.722021161679620960e+01 9.568418756601503039e-02 1.244823846783831012e-01 3.691389478733653196e-01 1.488871104742087725e-01
3.406997101243796777e+01 2.618920000000000000e+05 6.892041015351397897e-03 1.726890058297476216e+01 9.577162122583428305e-02 1.246407513565191000e-01 3.700543370672289556e-01 1.487738745653104100e-01
3.417688088134747204e+01 2.591340000000000000e+05 6.910925274491622194e-03 1.735222103829042339e+01 9.550428835896605795e-02 1.245224808934184135e-01 3.716232833632399646e-01 1.486271635347986286e-01
3.428370588045179801e+01 2.549260000000000000e+05 6.917995123539994774e-03 1.739522897291453063e+01 9.534281594274562899e-02 1.244281145855888754e-01 3.723971795888262326e-01 1.484087846527671894e-01
3.439068862695248185e+01 2.533140000000000000e+05 6.932576089992155410e-03 1.754075591143735480e+01 9.566234520618889514e-02 1.249914629599072624e-01 3.753754489379780290e-01 1.492093296597881147e-01
3.449782648278630859e+01 2.493460000000000000e+05 6.963520878426302137e-03 1.762138380447204611e+01 9.585978977510978272e-02 1.253310466209738294e-01 3.770501234486067221e-01 1.496848078143596106e-01
3.460479975796066299e+01 2.456800000000000000e+05 6.929642063897722797e-03 1.773135276785840730e+01 9.593314916123868441e-02 1.255676105760878125e-01 3.790004274859680167e-01 1.491687925563058847e-01
3.471160857240605679e+01 2.424420000000000000e+05 6.964224614196147696e-03 1.775072289413127891e+01 9.584487507974194520e-02 1.255123918345269485e-01 3.795001948161113581e-01 1.496075653501716396e-01
3.481859189735321536e+01 2.393860000000000000e+05 6.942771450476409138e-03 1.780039182984397783e+01 9.556734892136162229e-02 1.252924155285970176e-01 3.801546693536359545e-01 1.484428294333579867e-01
3.492571212049016793e+01 2.365440000000000000e+05 6.970251387003577846e-03 1.797792743562322215e+01 9.611315313027604668e-02 1.261636384346849493e-01 3.839866778385668811e-01 1.502235841068626232e-01
3.503274805321819940e+01 2.322940000000000000e+05 6.990609947695587863e-03 1.810676852903724310e+01 9.634540300065957963e-02 1.265866215507366055e-01 3.863882695203434414e-01 1.499213295390510181e-01
3.513967597248581853e+01 2.290440000000000000e+05 7.038947158316764471e-03 1.826099579108280224e+01 9.689506592176175270e-02 1.274058826771015396e-01 3.897683741484149200e-01 1.516069723707783312e-01
3.524673463416404928e+01 2.263000000000000000e+05 7.044733802380573513e-03 1.833140207574107095e+01 9.686966307209110560e-02 1.274838412487222794e-01 3.910367178095856544e-01 1.512735531400490607e-01
3.535385481583261935e+01 2.219380000000000000e+05 7.050196323593735902e-03 1.849260007657319349e+01 9.743134408685401315e-02 1.283261708302472770e-01 3.944545753117016940e-01 1.526928922756476126e-01
3.546059347110648474e+01 2.182620000000000000e+05 7.096919238145867753e-03 1.858374137371474433e+01 9.737411597919133632e-02 1.284236548672432754e-01 3.962474251457173136e-01 1.527729452387693032e-01
3.556731210104838681e+01 2.145940000000000000e+05 7.084749988958675797e-03 1.863824003168147669e+01 9.719169748096961881e-02 1.283067375221161599e-01 3.969963018327676285e-01 1.515886761425192519e-01
3.567447954555080258e+01 2.128920000000000000e+05 7.143513284629214068e-03 1.876476138614927791e+01 9.762709238469827189e-02 1.289563174039324300e-01 3.997623134876659989e-01 1.528829962209412585e-01
3.578149431768800071e+01 2.071900000000000000e+05 7.187125439056100441e-03 1.891624578791093469e+01 9.813098609713877263e-02 1.296879992956192773e-01 4.028910868491188402e-01 1.537476449968766534e-01
3.588823576822665018e+01 2.043540000000000000e+05 7.199220581885827815e-03 1.900973809452118957e+01 9.816735902208172104e-02 1.298613564698067047e-01 4.044755973638829438e-01 1.528723444973171808e-01
3.599520492240594649e+01 2.012320000000000000e+05 7.188696776858545870e-03 1.923475149578111143e+01 9.897183423193993412e-02 1.310410701137545986e-01 4.090218596931418649e-01 1.539666493341593501e-01
3.610215755725821651e+01 1.966000000000000000e+05 7.240107728819467417e-03 1.935315243994396184e+01 9.909896898755127248e-02 1.313989581398391504e-01 4.116985753647020019e-01 1.555596238292213107e-01
3.620912326475229293e+01 1.942380000000000000e+05 7.274467479049250528e-03 1.942320224346234525e+01 9.906210050954576685e-02 1.314543799480910324e-01 4.129964319657439265e-01 1.552895820217417011e-01
3.631614158471965936e+01 1.895260000000000000e+05 7.312197670639380281e-03 1.953337541125045362e+01 9.962897610462088938e-02 1.322122550438583344e-01 4.153569014440330887e-01 1.562564242052765784e-01
3.642328701232143828e+01 1.868280000000000000e+05 7.345788666987081682e-03 1.983803606459228774e+01 1.006368044510431714e-01 1.337349307335661541e-01 4.216183453838586725e-01 1.580338219950698508e-01
3.653036199328654021e+01 1.822960000000000000e+05 7.376537924390202255e-03 1.983903535340946078e+01 1.002036999103022297e-01 1.333059034187493719e-01 4.216475780533542328e-01 1.579805864099580459e-01
3.663708317574132423e+01 1.777480000000000000e+05 7.385434511266704936e-03 2.001757914455694731e+01 1.007025453984110724e-01 1.341046054805602739e-01 4.252967639009373468e-01 1.589707042199189901e-01
3.674404165957288626e+01 1.758060000000000000e+05 7.420401148915917872e-03 2.023462818158813192e+01 1.012527350479253963e-01 1.350064950603707681e-01 4.294057440824549099e-01 1.587248346878909755e-01
3.685113141987510943e+01 1.704700000000000000e+05 7.433178891814470717e-03 2.036506334608135660e+01 1.018122399026002434e-01 1.358087518246799963e-01 4.323856066665794917e-01 1.607471014436340773e-01
3.695816227225071771e+01 1.676460000000000000e+05 7.484403736743453286e-03 2.041625429354430921e+01 1.018500085415544182e-01 1.358895122573975656e-01 4.334296725130560857e-01 1.608698745343415948e-01
3.706511266916877645e+01 1.631200000000000000e+05 7.523393052542522164e-03 2.051819264634711715e+01 1.018188524087827035e-01 1.360290006204671331e-01 4.353520127825515340e-01 1.606526404082007087e-01
3.717198898508983973e+01 1.589820000000000000e+05 7.508610928211002615e-03 2.065847697483795997e+01 1.020866687532093475e-01 1.364610866504043785e-01 4.377379623029166167e-01 1.594772999171873984e-01
3.727886829499068000e+01 1.558780000000000000e+05 7.593304933356518314e-03 2.083426404522586495e+01 1.025426623883021471e-01 1.371932154386047431e-01 4.412667485713754889e-01 1.599462099958207095e-01
3.738584684673741521e+01 1.510300000000000000e+05 7.539781211365324289e-03 2.074789220136476686e+01 1.019467424010488399e-01 1.364340359277610715e-01 4.393888031057306964e-01 1.591477743430651792e-01
3.749274830000148739e+01 1.479480000000000000e+05 7.661323351297197326e-03 2.109134322637800807e+01 1.035059157266957769e-01 1.386012579469693140e-01 4.468282890893554571e-01 1.624897901275900725e-01
3.759968695879564393e+01 1.432480000000000000e+05 7.649999353850892372e-03 2.118298489984135458e+01 1.034051242740570281e-01 1.386611976125638468e-01 4.487099583238673972e-01 1.630838551921383051e-01
3.770686314389461558e+01 1.401240000000000000e+05 7.700068472398539574e-03 2.144823957743492215e+01 1.041659486565885417e-01 1.398609518974720523e-01 4.540622360787636702e-01 1.641494149222018362e-01
3.781381578904389329e+01 1.352020000000000000e+05 7.722412287142855179e-03 2.140998176755888238e+01 1.038093572443534590e-01 1.394015812397479126e-01 4.532179325135030634e-01 1.635996813057556676e-01
3.792043150861447742e+01 1.306620000000000000e+05 7.699708419978861136e-03 2.153637102102659995e+01 1.041178198583980336e-01 1.399110750360774147e-01 4.556149787589571787e-01 1.636091512212584920e-01
3.802751536449891745e+01 1.285780000000000000e+05 7.740413870989715922e-03 2.170533655835042808e+01 1.048986439385279495e-01 1.409627631933245973e-01 4.591364316684043989e-01 1.647311562502561388e-01
3.813478762628417229e+01 1.225660000000000000e+05 7.737760555539683477e-03 2.177616633975380012e+01 1.044611279345423055e-01 1.406299612224971296e-01 4.604165395706951713e-01 1.644395384720953313e-01
3.824156932045221424e+01 1.193040000000000000e+05 7.778015114204795896e-03 2.185418954152318349e+01 1.049341119470331152e-01 1.412197511882762602e-01 4.619323235998398225e-01 1.644273884822036458e-01
3.834849023574852112e+01 1.147000000000000000e+05 7.741576844251221029e-03 2.198393649802394734e+01 1.049854553811287866e-01 1.415018593614847109e-01 4.645657124878566635e-01 1.652032429079064724e-01
3.845538784093170648e+01 1.105920000000000000e+05 7.709979052069131610e-03 2.210565865831768662e+01 1.046078286569951804e-01 1.412949930072285309e-01 4.666505569370525408e-01 1.643032842457657072e-01
3.856226795906003701e+01 1.065100000000000000e+05 7.691510188998215876e-03 2.203252805576175888e+01 1.037801050983756107e-01 1.403097196677777214e-01 4.649721166745799383e-01 1.631722602762049334e-01
3.866894907366923206e+01 1.017160000000000000e+05 7.701347427083207221e-03 2.202142728157938123e+01 1.036694057820155418e-01 1.402261927267842156e-01 4.650211427153931321e-01 1.642370575152097278e-01
3.877596510422194598e+01 9.871500000000000000e+04 7.635881974718008308e-03 2.196606606799289452e+01 1.029631100761052298e-01 1.394103835695672811e-01 4.635079383530816277e-01 1.625226165277663393e-01
3.888336863104089502e+01 9.461500000000000000e+04 7.620496643873999297e-03 2.212662968506782946e+01 1.033888347329490337e-01 1.401090024917719667e-01 4.667059967007877730e-01 1.631347210280231219e-01
3.899014443976081878e+01 9.051300000000000000e+04 7.598954529218657390e-03 2.198568673747399060e+01 1.025932098931685021e-01 1.390384579644543539e-01 4.637871459408779429e-01 1.622380980179216337e-01
3.909712207877980461e+01 8.835100000000000000e+04 7.609751932394788650e-03 2.211611517606956667e+01 1.026703079021743098e-01 1.393355579731848093e-01 4.664014672983024523e-01 1.627318768161872264e-01
3.920438220913518279e+01 8.455500000000000000e+04 7.578289267050823501e-03 2.223992928806603331e+01 1.030740317685523155e-01 1.399198101492997171e-01 4.687850125242637445e-01 1.629183444432827088e-01
3.931129123009387882e+01 8.170900000000000000e+04 7.578526540305311268e-03 2.202859657733283427e+01 1.015405851836473500e-01 1.379549479697027292e-01 4.638576618791708239e-01 1.591593112535626131e-01
3.941809723783823216e+01 7.872400000000000000e+04 7.524872168839426972e-03 2.225350525277963953e+01 1.021094823830810266e-01 1.388838622273912138e-01 4.682458069477573592e-01 1.597325002919104397e-01
3.952498295543929174e+01 7.623300000000000000e+04 7.630881920953529532e-03 2.243446757939110014e+01 1.025898280735233759e-01 1.396770913998726382e-01 4.722525999786263973e-01 1.617277110195997625e-01
3.963208630665438648e+01 7.356100000000000000e+04 7.640598505501623380e-03 2.238341616571814185e+01 1.022085918337993088e-01 1.391867519535164299e-01 4.709435596939816060e-01 1.602908088807885878e-01
3.973899631266661459e+01 7.083000000000000000e+04 7.664179275588698693e-03 2.257535241617440391e+01 1.022746675995079291e-01 1.395841532491949033e-01 4.748513031872376722e-01 1.612477790649915754e-01
3.984563973306794082e+01 6.823000000000000000e+04 7.683675145724528852e-03 2.274396273868368823e+01 1.026022484545997121e-01 1.401496002272827890e-01 4.779056583452823137e-01 1.605026982666044877e-01
3.995268836983542116e+01 6.649800000000000000e+04 7.719676207053199207e-03 2.275559213744899978e+01 1.027636946842801630e-01 1.403604299421699064e-01 4.785808981649976590e-01 1.622943028784407937e-01
4.005988102013265717e+01 6.358600000000000000e+04 7.668861916885307169e-03 2.291994976649762350e+01 1.028694456502153992e-01 1.406976853160255281e-01 4.815885411744784683e-01 1.619131899058299795e-01
4.016691043360450664e+01 6.177400000000000000e+04 7.764616469026748222e-03 2.324669329904944348e+01 1.036631386096288771e-01 1.420254661919365669e-01 4.881507162968650726e-01 1.629900085896396622e-01
4.027355473632727723e+01 5.879400000000000000e+04 7.800142755748804176e-03 2.305184286312491082e+01 1.027960271126267811e-01 1.407838571418570939e-01 4.844603278866382867e-01 1.629950309574604572e-01
4.038033398227036486e+01 5.754700000000000000e+04 7.768001037521490328e-03 2.306876511882834535e+01 1.026688585960413153e-01 1.406482456554691562e-01 4.842241972753446033e-01 1.607475209473125666e-01
4.048784885743675943e+01 5.535000000000000000e+04 7.844878171739207498e-03 2.342253620684162740e+01 1.037191778690181171e-01 1.423317218998773059e-01 4.916162230428925972e-01 1.632025284007820043e-01
4.059488825668854162e+01 5.302300000000000000e+04 7.907997981737220974e-03 2.364574867816273596e+01 1.048086263530543100e-01 1.437941332733101429e-01 4.963996402637698702e-01 1.652074267579430600e-01
4.070154119627313349e+01 5.109900000000000000e+04 7.909130405318839582e-03 2.376024175345483158e+01 1.045085820217272060e-01 1.436203641130488207e-01 4.982485785240374776e-01 1.637939038863548968e-01
4.080872303630995646e+01 4.955500000000000000e+04 8.020126164731886803e-03 2.393571577079906731e+01 1.052876639997879366e-01 1.447528554213874663e-01 5.026432462066806606e-01 1.678423908929509156e-01
4.091624289222018263e+01 4.765900000000000000e+04 7.998764333720573966e-03 2.440623900177584815e+01 1.060957835558839629e-01 1.463153152626444076e-01 5.116287402962571562e-01 1.679399402404007091e-01
4.102298155915180189e+01 4.529100000000000000e+04 8.127639815871315690e-03 2.451763549036296652e+01 1.068996852147650611e-01 1.473425525538748504e-01 5.142659602788292039e-01 1.696866970079051185e-01
4.112951937371880717e+01 4.399900000000000000e+04 8.224399880416346023e-03 2.472473818683361557e+01 1.077066520140439881e-01 1.484859756448566048e-01 5.185978401145231453e-01 1.709812462216031281e-01
4.123699914147614720e+01 4.248300000000000000e+04 8.206507111382261091e-03 2.478268571150034560e+01 1.074856827589167618e-01 1.482898020174951981e-01 5.195296276831639082e-01 1.703066630828940775e-01
4.134402170988769853e+01 4.032700000000000000e+04 8.248231200548366074e-03 2.497068161643128192e+01 1.075718429847078161e-01 1.486171351168036892e-01 5.229429988429613596e-01 1.694465151595427876e-01
4.145038899343203553e+01 3.882700000000000000e+04 8.355369193167859823e-03 2.495847973745926751e+01 1.077706886521554025e-01 1.487854296333543658e-01 5.228011278661988115e-01 1.694942784882765008e-01
4.155751784906856017e+01 3.768300000000000000e+04 8.399949918931382681e-03 2.527304941389837722e+01 1.081678107817233003e-01 1.496638800465395769e-01 5.289337399614422175e-01 1.699022571452740438e-01
4.166526513597658266e+01 3.605500000000000000e+04 8.490039798740111818e-03 2.561244931206164566e+01 1.092245105740116407e-01 1.512965398036396902e-01 5.360471725182899272e-01 1.722976912187877685e-01
4.177201422154197274e+01 3.409800000000000000e+04 8.473445222057009521e-03 2.562401173601881155e+01 1.099534035720336478e-01 1.519616912284380839e-01 5.359577999241924573e-01 1.710475202389114546e-01
4.187809562918591411e+01 3.277900000000000000e+04 8.567212587937569554e-03 2.598127165872809385e+01 1.101935396536794648e-01 1.527856981292324001e-01 5.424415938165841888e-01 1.693558677303157733e-01
4.198550970397955950e+01 3.199200000000000000e+04 8.607290207114544345e-03 2.636232270086238572e+01 1.115610321301517271e-01 1.546864626673030430e-01 5.502174491206179852e-01 1.713515330052084451e-01
4.209285356128030031e+01 2.995900000000000000e+04 8.814151235547330876e-03 2.692434357042394311e+01 1.134963279464947239e-01 1.576236899892178855e-01 5.622988723698145730e-01 1.764070450523860800e-01
4.219924694713985502e+01 2.882800000000000000e+04 8.901288863435817891e-03 2.701648443445155223e+01 1.135007133889562453e-01 1.578288174626590046e-01 5.650057193468731587e-01 1.801195243532561496e-01
4.230600671422583048e+01 2.761500000000000000e+04 8.890997992696832164e-03 2.714521078975595003e+01 1.139613812044655144e-01 1.583551125234283485e-01 5.666307989237817644e-01 1.766608827295171325e-01
4.241340917922484266e+01 2.648800000000000000e+04 8.981642273847989175e-03 2.776752349942779574e+01 1.156338534876818064e-01 1.610838644180486168e-01 5.798584998029980841e-01 1.820614798182172700e-01
4.252088026026639511e+01 2.520300000000000000e+04 9.083834262817599980e-03 2.834174114890561924e+01 1.172492477808257105e-01 1.635535247231363620e-01 5.905062369467514172e-01 1.804449546450424824e-01
4.262725950770190053e+01 2.365600000000000000e+04 9.159409494806952656e-03 2.843021059822105556e+01 1.179997528877574642e-01 1.645161599263037788e-01 5.926835008561347484e-01 1.822635436884417204e-01
4.273360894783402131e+01 2.288700000000000000e+04 9.293014636332674536e-03 2.898711236519552159e+01 1.195091530414443687e-01 1.668770347573080015e-01 6.035208736857876621e-01 1.827330518851991992e-01
4.284150829021771756e+01 2.195200000000000000e+04 9.349539462323598268e-03 2.917574263678154978e+01 1.208813982522928820e-01 1.685331493944754178e-01 6.078789930110235495e-01 1.857436582772086231e-01
4.294891554091235264e+01 2.050000000000000000e+04 9.509381044552706053e-03 2.969441290941967537e+01 1.218456796320116220e-01 1.704766249451379057e-01 6.193714969607265752e-01 1.919464924206646939e-01
4.305472878777592882e+01 1.932300000000000000e+04 9.658242572994855599e-03 3.037288926185141946e+01 1.237438223731237574e-01 1.733323311727145710e-01 6.324079202039076808e-01 1.918613294681144887e-01
4.316169401954684304e+01 1.881400000000000000e+04 9.785251501494670462e-03 3.035906536980387926e+01 1.244189083529718132e-01 1.739955551979951720e-01 6.319526921623802584e-01 1.906610089283082288e-01
4.326994006104969515e+01 1.768800000000000000e+04 9.939132631766258927e-03 3.106966167866466577e+01 1.270634928658611884e-01 1.778100985251273858e-01 6.464356561054440675e-01 1.940614207939193592e-01
4.337686699930662115e+01 1.650400000000000000e+04 1.011691606706112932e-02 3.133400934336673416e+01 1.273601023893666806e-01 1.784213542177150169e-01 6.512548310930126316e-01 1.925623233388415734e-01
4.348232201810193942e+01 1.544400000000000000e+04 1.012669644262139887e-02 3.169762617001559946e+01 1.294404557219284990e-01 1.811665236924214772e-01 6.587303979195029413e-01 1.947885112798448393e-01
4.358971561122400828e+01 1.515100000000000000e+04 1.025785031892403887e-02 3.295090515180137913e+01 1.340334503575340841e-01 1.879368477973548390e-01 6.847472854902115769e-01 2.032109285885163596e-01
4.369847297129271624e+01 1.403200000000000000e+04 1.032230654267683213e-02 3.326092993377602625e+01 1.345853561787317410e-01 1.889457996448677124e-01 6.915817260770231734e-01 2.068686239032113405e-01
4.380443139457426582e+01 1.279200000000000000e+04 1.047363159983594021e-02 3.350356727921710842e+01 1.360064951156776114e-01 1.906143714079292506e-01 6.952814422261293092e-01 2.024903896141841408e-01
4.390939072213888750e+01 1.225600000000000000e+04 1.066122767060849463e-02 3.437493759057904441e+01 1.388564708698252215e-01 1.950090629634574635e-01 7.137080926325060082e-01 2.094643173917192791e-01
4.401772030021989224e+01 1.184400000000000000e+04 1.097479088417403943e-02 3.476606370553825798e+01 1.399456341226745504e-01 1.968689726117681393e-01 7.233837998791383672e-01 2.177783891877352329e-01
4.412624954936854493e+01 1.078000000000000000e+04 1.092868979709226210e-02 3.552293453046388549e+01 1.420461896036737393e-01 1.998244947446146669e-01 7.357817832950195314e-01 2.093378353704790917e-01
4.423195992686854083e+01 9.868000000000000000e+03 1.135941635445336488e-02 3.590586570850045689e+01 1.436494648781781458e-01 2.021736618918768824e-01 7.449610529317988172e-01 2.158582859002245169e-01
4.433815912576657325e+01 9.486000000000000000e+03 1.155428797488489839e-02 3.637753791503245537e+01 1.453168829695656306e-01 2.047383273034824869e-01 7.568528358352577534e-01 2.273950067546006149e-01
4.444673329867327993e+01 8.824000000000000000e+03 1.180501109120528011e-02 3.737979947864981511e+01 1.491556291396865797e-01 2.102972741055289529e-01 7.757680846016152820e-01 2.257346981976845746e-01
4.455328148045542491e+01 7.896000000000000000e+03 1.194938138368038978e-02 3.789849840684681226e+01 1.517929525945271307e-01 2.137102398097283362e-01 7.864828008456093977e-01 2.287170503509311226e-01
4.465672045739432150e+01 7.228000000000000000e+03 1.198417973155078975e-02 3.916468079091595200e+01 1.560448378513163425e-01 2.200311781049743010e-01 8.124105912269234953e-01 2.360318338452920273e-01
4.476549294278329683e+01 7.332000000000000000e+03 1.185237778427760888e-02 3.841353118050179205e+01 1.546354403257601817e-01 2.172022090900180835e-01 7.963008345631082951e-01 2.289801729836917765e-01
4.487637752975774674e+01 6.292000000000000000e+03 1.237571012745488502e-02 3.961538059702122183e+01 1.581415327482286193e-01 2.229964859452878700e-01 8.238926048785526479e-01 2.469147718925024104e-01
4.498055708906358063e+01 5.524000000000000000e+03 1.275659551065486813e-02 4.094042807163451414e+01 1.615249594655077947e-01 2.285232226833271707e-01 8.502200309385963273e-01 2.501109781929185538e-01
4.508287267328293524e+01 5.172000000000000000e+03 1.300730253735923533e-02 4.228994073807864851e+01 1.683325253767737617e-01 2.377165951017471690e-01 8.781893176222593800e-01 2.586482180096533745e-01
4.519355986123767366e+01 5.188000000000000000e+03 1.300158670076892974e-02 4.215073774543564156e+01 1.668638680675307850e-01 2.355815141799821877e-01 8.725692135179243802e-01 2.462180891894528711e-01
4.530659428897991603e+01 4.386000000000000000e+03 1.313224739804082740e-02 4.281342304029300294e+01 1.703999968756103323e-01 2.399755389094650471e-01 8.850625926325758064e-01 2.451745667289647324e-01
4.540899736355984828e+01 3.520000000000000000e+03 1.388907763695743786e-02 4.256450360664553756e+01 1.719460728307764807e-01 2.415860220906937139e-01 8.850145135146486597e-01 2.625592005280212859e-01
4.550937256763914007e+01 3.516000000000000000e+03 1.435358398022364666e-02 4.419599708576977548e+01 1.749611458195233504e-01 2.473912423138324435e-01 9.198629633678331308e-01 2.767235054040819153e-01
4.562243326765445062e+01 3.388000000000000000e+03 1.449951565948581246e-02 4.523352092970831251e+01 1.761258487676748141e-01 2.498462759894395091e-01 9.407313458940945727e-01 2.807671972581979314e-01
4.573709947858509395e+01 2.800000000000000000e+03 1.486169888383813767e-02 4.516773193301450107e+01 1.745482461270464192e-01 2.478881795435941282e-01 9.388286671150736229e-01 2.769185910256234950e-01
4.583467699676652529e+01 1.932000000000000000e+03 1.502755067949931855e-02 4.594301738449875927e+01 1.815443572926806748e-01 2.562572002522173209e-01 9.553438075066201796e-01 2.836322621663760479e-01
4.593284860737928454e+01 2.236000000000000000e+03 1.528425896709572317e-02 4.851249497499062358e+01 1.855421214454842371e-01 2.640020508847527592e-01 1.006635188760336419e+00 2.923344920417470516e-01
4.605078524552519781e+01 2.013000000000000000e+03 1.541122321690111159e-02 4.787575117948288295e+01 1.879202862199215729e-01 2.657743766771352156e-01 9.928192964461772796e-01 2.849411860594018298e-01
4.616873995781739382e+01 1.576000000000000000e+03 1.583024050967200835e-02 4.960389292002341932e+01 1.891372131454396865e-01 2.691949715244619790e-01 1.027100046102828790e+00 2.891180907968627367e-01
4.625859178282501460e+01 8.460000000000000000e+02 1.591973245198623557e-02 5.052999070324756303e+01 1.936896297176499138e-01 2.760213683588856881e-01 1.050748652384368986e+00 3.139436013474258269e-01
4.635543923097079499e+01 1.228000000000000000e+03 1.664190686017325352e-02 5.235244821359530221e+01 2.039086404820156517e-01 2.886597395315776415e-01 1.079960197171514702e+00 2.883267397859304304e-01
4.647736207050834878e+01 9.640000000000000000e+02 1.732406310563382873e-02 5.313158791140501336e+01 2.028885590791855154e-01 2.886565223268048319e-01 1.098669336275739816e+00 3.023352982608519812e-01
4.659853650238704859e+01 7.170000000000000000e+02 1.799412085001430434e-02 5.215076446960924983e+01 2.099776901970304699e-01 2.947699559569694205e-01 1.084849694598972514e+00 3.208056155756742189e-01
4.669086164899982094e+01 3.040000000000000000e+02 1.756675651183745718e-02 4.992517409927545202e+01 1.951001780681513864e-01 2.749466310065436514e-01 1.033416910417050305e+00 2.844833010286447750e-01
4.678254322269242493e+01 4.440000000000000000e+02 1.891372856849714637e-02 5.413928888419269470e+01 2.149057806864535236e-01 3.019969956144994416e-01 1.136399515529428417e+00 3.750811847219768791e-01
4.690460940767283660e+01 2.920000000000000000e+02 1.956527582187888442e-02 5.683757813252103830e+01 2.248286856268265077e-01 3.182525923722050454e-01 1.197676370304192828e+00 4.141660092673174476e-01
4.702644381521540140e+01 1.720000000000000000e+02 2.162304497479834720e-02 6.528247428525443752e+01 2.501395081292933642e-01 3.596716365837143714e-01 1.378214259598548486e+00 4.892206502913536426e-01
4.712337469613589747e+01 5.100000000000000000e+01 2.287484468049113401e-02 5.091916949421125338e+01 1.998013044294292273e-01 2.842810004802245882e-01 1.090283780314274864e+00 4.270977596470267312e-01
4.720746447872692642e+01 5.200000000000000000e+01 2.402930772246584731e-02 6.025981071058535576e+01 2.169887789869608674e-01 3.135616173490720082e-01 1.268605610019992280e+00 4.238805395238316454e-01
4.732364017170161219e+01 1.200000000000000000e+01 1.877955894751930088e-02 6.460864159630790482e+01 1.920779302131655764e-01 2.931731051189833126e-01 1.324392948980446461e+00 3.260494783528382068e-01
4.743157887156689867e+01 1.000000000000000000e+00 3.128579554829685055e-03 6.381870128951147336e+01 2.634732878183711491e-01 3.597265829762596456e-01 1.113665491709237010e+00 -4.468354104926650083e-01
